&BASIS_ND
 NAME="Dp                  ",
 NB_BASIS=2          ,
 NB=0          ,
 NQ=0          ,
 A=  0.0000000000000000     ,
 B=  0.0000000000000000     ,
 SCALEQ=  1.0000000000000000     ,
 Q0=  0.0000000000000000     ,
 /
&BASIS_ND
 NAME="herm                ",
 NB_BASIS=0          ,
 NB=4          ,
 NQ=6          ,
 A=  0.0000000000000000     ,
 B=  0.0000000000000000     ,
 SCALEQ=  1.0000000000000000     ,
 Q0=  0.0000000000000000     ,
 /
 S: 1        1.000000000       0.000000000      -0.000000000       0.000000000
 S: 2        0.000000000       1.000000000      -0.000000000      -0.000000000
 S: 3       -0.000000000       0.000000000       1.000000000       0.000000000
 S: 4        0.000000000      -0.000000000       0.000000000       1.000000000
 Sii,Sij   9.9911190432067087E-012   2.7755575615628914E-017

 <d0b|d1b>: 1        0.000000000       0.707106781       0.000000000      -0.000000000
 <d0b|d1b>: 2       -0.707106781       0.000000000       1.000000000       0.000000000
 <d0b|d1b>: 3        0.000000000      -1.000000000       0.000000000       1.224744871
 <d0b|d1b>: 4        0.000000000       0.000000000      -1.224744871       0.000000000

 <d0b|d1b>: 1       -0.500000000      -0.000000000       0.707106781      -0.000000000
 <d0b|d1b>: 2       -0.000000000      -1.500000000       0.000000000       1.224744871
 <d0b|d1b>: 3        0.707106781       0.000000000      -2.500000000       0.000000000
 <d0b|d1b>: 4        0.000000000       1.224744871       0.000000000      -3.500000000
 -------------------------------------------------
 Write_Basis
 nb,nq           4           6
  x:      -2.3506049737      -1.3358490740      -0.4360774119       0.4360774119       1.3358490740
  x:       2.3506049737

  w:       1.1369083327       0.9355805576       0.8764013344       0.8764013344       0.9355805576
  w:       1.1369083327

 d0gb: 1        0.047413213      -0.157613724       0.336961400      -0.518025782
 d0gb: 2        0.307761900      -0.581416358       0.559063977      -0.135055669
 d0gb: 3        0.682997400      -0.421208998      -0.299272364       0.450473342
 d0gb: 4        0.682997400       0.421208998      -0.299272364      -0.450473342
 d0gb: 5        0.307761900       0.581416358       0.559063977       0.135055669
 d0gb: 6        0.047413213       0.157613724       0.336961400       0.518025782

 d1gb: 1        0.111449733      -0.303435196       0.476835695      -0.392290485
 d1gb: 2        0.411123450      -0.341443450      -0.416007620       1.189007487
 d1gb: 3        0.297839739       0.782224457      -0.972923913      -0.536623336
 d1gb: 4       -0.297839739       0.782224457       0.972923913      -0.536623336
 d1gb: 5       -0.411123450      -0.341443450       0.416007620       1.189007487
 d1gb: 6       -0.111449733      -0.303435196      -0.476835695      -0.392290485

 d2gb: 1        0.214561085      -0.398028833       0.177020563       0.763909960
 d2gb: 2        0.241436979       0.706715800      -1.797674272       0.704383820
 d2gb: 3       -0.553116218       1.183528412       1.439451135      -3.067649803
 d2gb: 4       -0.553116218      -1.183528412       1.439451135       3.067649803
 d2gb: 5        0.241436979      -0.706715800      -1.797674272      -0.704383820
 d2gb: 6        0.214561085       0.398028833       0.177020563      -0.763909960
 -------------------------------------------------
&BASIS_ND
 NAME="boxAB               ",
 NB_BASIS=0          ,
 NB=4          ,
 NQ=6          ,
 A= -2.5000000000000000     ,
 B=  2.5000000000000000     ,
 SCALEQ=  1.0000000000000000     ,
 Q0=  0.0000000000000000     ,
 /
 S: 1        1.000000000       0.000000000       0.000000000      -0.000000000
 S: 2        0.000000000       1.000000000      -0.000000000       0.000000000
 S: 3        0.000000000      -0.000000000       1.000000000      -0.000000000
 S: 4       -0.000000000       0.000000000      -0.000000000       1.000000000
 Sii,Sij   4.4408920985006262E-016   2.1510571102112408E-016

 <d0b|d1b>: 1       -0.000000000      -0.513019932      -0.000000000      -0.158728919
 <d0b|d1b>: 2        0.552702162      -0.000000000      -0.888576588       0.000000000
 <d0b|d1b>: 3       -0.000000000       1.026039864       0.000000000      -1.184768784
 <d0b|d1b>: 4        0.256509966       0.000000000       1.539059796       0.000000000

 <d0b|d1b>: 1       -0.394784176      -0.000000000      -0.000000000       0.000000000
 <d0b|d1b>: 2       -0.000000000      -1.579136704       0.000000000      -0.000000000
 <d0b|d1b>: 3       -0.000000000       0.000000000      -3.553057584       0.000000000
 <d0b|d1b>: 4        0.000000000      -0.000000000       0.000000000      -6.316546817
 -------------------------------------------------
 Write_Basis
 nb,nq           4           6
  x:      -2.0833333333      -1.2500000000      -0.4166666667       0.4166666667       1.2500000000
  x:       2.0833333333

  w:       0.8333333333       0.8333333333       0.8333333333       0.8333333333       0.8333333333
  w:       0.8333333333

 d0gb: 1        0.163691537       0.316227766       0.447213595       0.547722558
 d0gb: 2        0.447213595       0.632455532       0.447213595       0.000000000
 d0gb: 3        0.610905132       0.316227766      -0.447213595      -0.547722558
 d0gb: 4        0.610905132      -0.316227766      -0.447213595       0.547722558
 d0gb: 5        0.447213595      -0.632455532       0.447213595       0.000000000
 d0gb: 6        0.163691537      -0.316227766       0.447213595      -0.547722558

 d1gb: 1        0.383843015       0.688288465       0.842977768       0.794767061
 d1gb: 2        0.280992589       0.000000000      -0.842977768      -1.589534123
 d1gb: 3        0.102850426      -0.688288465      -0.842977768       0.794767061
 d1gb: 4       -0.102850426      -0.688288465       0.842977768       0.794767061
 d1gb: 5       -0.280992589      -0.000000000       0.842977768      -1.589534123
 d1gb: 6       -0.383843015       0.688288465      -0.842977768       0.794767061

 d2gb: 1       -0.064622829      -0.499366872      -1.588975657      -3.459715177
 d2gb: 2       -0.176552851      -0.998733744      -1.588975657      -0.000000000
 d2gb: 3       -0.241175679      -0.499366872       1.588975657       3.459715177
 d2gb: 4       -0.241175679       0.499366872       1.588975657      -3.459715177
 d2gb: 5       -0.176552851       0.998733744      -1.588975657      -0.000000000
 d2gb: 6       -0.064622829       0.499366872      -1.588975657       3.459715177
 -------------------------------------------------
 Initialization of a real psi
  The basis is linked to psi.
 Writing psi (real):
   1.0000000000000000        1.0000000000000000        1.0000000000000000        1.0000000000000000        1.0000000000000000        1.0000000000000000        1.0000000000000000        1.0000000000000000        1.0000000000000000        1.0000000000000000        1.0000000000000000        1.0000000000000000        1.0000000000000000        1.0000000000000000        1.0000000000000000        1.0000000000000000     
 END Writing psi
 Initialization of a complex psi
  The basis is linked to psi.
 Writing psi (complex):
               (1.0000000000000000,0.0000000000000000)               (1.0000000000000000,0.0000000000000000)               (1.0000000000000000,0.0000000000000000)               (1.0000000000000000,0.0000000000000000)               (1.0000000000000000,0.0000000000000000)               (1.0000000000000000,0.0000000000000000)               (1.0000000000000000,0.0000000000000000)               (1.0000000000000000,0.0000000000000000)               (1.0000000000000000,0.0000000000000000)               (1.0000000000000000,0.0000000000000000)               (1.0000000000000000,0.0000000000000000)               (1.0000000000000000,0.0000000000000000)               (1.0000000000000000,0.0000000000000000)               (1.0000000000000000,0.0000000000000000)               (1.0000000000000000,0.0000000000000000)               (1.0000000000000000,0.0000000000000000)
 END Writting psi
  | H | Psi > calculation
 Writing Op (real):

 Op%Rmat: 1        1.108717039      -0.000000000       0.485665790      -0.000000000      -0.000000000
 Op%Rmat: 2       -0.000000000       2.186559093      -0.000000000       0.601406530      -0.000000000
 Op%Rmat: 3        0.485665790      -0.000000000       3.289260274      -0.000000000      -0.000000000
 Op%Rmat: 4       -0.000000000       0.601406530      -0.000000000       4.786745631       0.000000000
 Op%Rmat: 5        0.000000000       0.000000000      -0.000000000       0.000000000       2.108717039
 Op%Rmat: 6        0.000000000       0.000000000       0.000000000       0.000000000       0.000000000
 Op%Rmat: 7        0.000000000       0.000000000      -0.000000000       0.000000000       0.485665790
 Op%Rmat: 8       -0.000000000      -0.000000000      -0.000000000       0.000000000      -0.000000000
 Op%Rmat: 9       -0.000000000      -0.000000000      -0.000000000       0.000000000       0.000000000
 Op%Rmat: 10       -0.000000000      -0.000000000       0.000000000      -0.000000000       0.000000000
 Op%Rmat: 11       -0.000000000      -0.000000000      -0.000000000      -0.000000000       0.000000000
 Op%Rmat: 12        0.000000000      -0.000000000      -0.000000000      -0.000000000       0.000000000
 Op%Rmat: 13       -0.000000000      -0.000000000       0.000000000       0.000000000      -0.000000000
 Op%Rmat: 14        0.000000000      -0.000000000       0.000000000      -0.000000000       0.000000000
 Op%Rmat: 15        0.000000000       0.000000000       0.000000000       0.000000000      -0.000000000
 Op%Rmat: 16        0.000000000       0.000000000       0.000000000      -0.000000000      -0.000000000

 Op%Rmat: 1       -0.000000000      -0.000000000       0.000000000      -0.000000000      -0.000000000
 Op%Rmat: 2       -0.000000000       0.000000000       0.000000000      -0.000000000      -0.000000000
 Op%Rmat: 3        0.000000000      -0.000000000       0.000000000      -0.000000000      -0.000000000
 Op%Rmat: 4        0.000000000       0.000000000      -0.000000000      -0.000000000      -0.000000000
 Op%Rmat: 5        0.000000000       0.485665790      -0.000000000       0.000000000      -0.000000000
 Op%Rmat: 6        3.186559093      -0.000000000       0.601406530       0.000000000       0.000000000
 Op%Rmat: 7       -0.000000000       4.289260274      -0.000000000       0.000000000       0.000000000
 Op%Rmat: 8        0.601406530      -0.000000000       5.786745631      -0.000000000       0.000000000
 Op%Rmat: 9       -0.000000000       0.000000000       0.000000000       3.108717039       0.000000000
 Op%Rmat: 10       -0.000000000      -0.000000000      -0.000000000       0.000000000       4.186559093
 Op%Rmat: 11       -0.000000000      -0.000000000       0.000000000       0.485665790      -0.000000000
 Op%Rmat: 12        0.000000000       0.000000000       0.000000000      -0.000000000       0.601406530
 Op%Rmat: 13       -0.000000000      -0.000000000      -0.000000000       0.000000000      -0.000000000
 Op%Rmat: 14       -0.000000000      -0.000000000      -0.000000000       0.000000000      -0.000000000
 Op%Rmat: 15        0.000000000      -0.000000000      -0.000000000       0.000000000       0.000000000
 Op%Rmat: 16       -0.000000000      -0.000000000      -0.000000000       0.000000000       0.000000000

 Op%Rmat: 1       -0.000000000       0.000000000       0.000000000      -0.000000000      -0.000000000
 Op%Rmat: 2       -0.000000000      -0.000000000      -0.000000000      -0.000000000      -0.000000000
 Op%Rmat: 3       -0.000000000       0.000000000      -0.000000000      -0.000000000      -0.000000000
 Op%Rmat: 4        0.000000000      -0.000000000      -0.000000000       0.000000000       0.000000000
 Op%Rmat: 5        0.000000000       0.000000000      -0.000000000       0.000000000      -0.000000000
 Op%Rmat: 6       -0.000000000      -0.000000000      -0.000000000      -0.000000000       0.000000000
 Op%Rmat: 7       -0.000000000      -0.000000000      -0.000000000      -0.000000000      -0.000000000
 Op%Rmat: 8       -0.000000000       0.000000000      -0.000000000      -0.000000000      -0.000000000
 Op%Rmat: 9        0.485665790      -0.000000000      -0.000000000      -0.000000000      -0.000000000
 Op%Rmat: 10       -0.000000000       0.601406530       0.000000000      -0.000000000      -0.000000000
 Op%Rmat: 11        5.289260274      -0.000000000       0.000000000      -0.000000000      -0.000000000
 Op%Rmat: 12       -0.000000000       6.786745631       0.000000000       0.000000000       0.000000000
 Op%Rmat: 13       -0.000000000      -0.000000000       4.108717039       0.000000000       0.485665790
 Op%Rmat: 14       -0.000000000      -0.000000000       0.000000000       5.186559093      -0.000000000
 Op%Rmat: 15        0.000000000       0.000000000       0.485665790      -0.000000000       6.289260274
 Op%Rmat: 16        0.000000000       0.000000000      -0.000000000       0.601406530      -0.000000000

 Op%Rmat: 1       -0.000000000
 Op%Rmat: 2       -0.000000000
 Op%Rmat: 3       -0.000000000
 Op%Rmat: 4        0.000000000
 Op%Rmat: 5       -0.000000000
 Op%Rmat: 6       -0.000000000
 Op%Rmat: 7       -0.000000000
 Op%Rmat: 8       -0.000000000
 Op%Rmat: 9        0.000000000
 Op%Rmat: 10        0.000000000
 Op%Rmat: 11        0.000000000
 Op%Rmat: 12       -0.000000000
 Op%Rmat: 13       -0.000000000
 Op%Rmat: 14        0.601406530
 Op%Rmat: 15       -0.000000000
 Op%Rmat: 16        7.786745631
 END Writing Op


 eigenvalues = 
   1.0054378787783138     
   2.0054378787633440     
   2.0541956179861760     
   3.0054378787549125     
   3.0541956179660135     
   3.3925394339744948     
   4.0054378787694294     
   4.0541956179581211     
   4.3925394339477046     
   4.9191091053773892     
   5.0541956179789214     
   5.3925394339405113     
   5.9191091053430398     
   6.3925394339693273     
   6.9191091053366476     
   7.9191091053745915     


  0.97812805525096735       -1.0301551177035757E-016   5.9258523217608592E-016  -1.7209736983524870E-012   5.6600489991164840E-017  0.20800362384093304       -2.4928678815887077E-017  -2.0465720708931859E-016   1.6557013663743939E-017  -4.3623402017475050E-016   8.9038135274972390E-018  -1.2353095352138602E-012   1.8519689941442760E-017   9.5268055947490776E-018  -3.2540977601506098E-018   1.5925100038830069E-018
  -4.3792740305472745E-016   3.9966968999143985E-015  0.97662604877479087       -5.7727220271874404E-016  -7.7778707737397523E-017  -1.7164536644493797E-017   3.1788653841681055E-016  -3.5117328039873866E-012  -5.6049970064829969E-017  0.21494548344763884       -2.0340729257418747E-017  -1.1973938322050568E-016   2.4866224933853714E-017   6.7610244894787928E-017  -1.8509856066982956E-012  -1.4466264867804791E-018
 -0.20800362384093313        1.3817224952085774E-018   2.8017477060376722E-016   3.6922224954901491E-013  -7.7653169520414587E-017  0.97812805525096735       -1.3828051345823551E-018  -3.2952606531771794E-016   9.2288510848431775E-017  -1.7796714943060198E-015   9.8216271831863051E-018  -5.8093518463661676E-012  -1.1176099760188511E-017  -6.8089117064446314E-017  -6.7059755983311538E-017   3.0874276328067994E-018
   1.0558011013302423E-016  -9.2127125770656545E-016 -0.21494548344763861        2.7718422881134156E-016   2.8860635974440555E-017   1.7798622683986574E-015   2.3938982798154965E-016   7.7399015094485241E-013  -1.1223290312655518E-015  0.97662604877479142       -3.1011532567976310E-017   4.8130813533743709E-016   1.5096438149560710E-016   4.3798733185526639E-017  -8.4103082213111793E-012  -3.1756398863452329E-017
   1.0916099523236574E-016  0.97812805525096680       -3.1114976047075249E-015  -4.2829416089818652E-016   3.3147128115581100E-016   1.6741011666415974E-017  -1.5671531417237288E-012   1.4123671463516968E-016  0.20800362384093318        2.3281714016970945E-016   1.8180122748221666E-017   2.7368976543612250E-016  -3.0356211675581437E-016  -7.2998705124297460E-013   2.3148385840946176E-017  -8.0844541893618122E-018
  -1.1274233190209107E-016  -3.3317023796248647E-016   2.1583471132009733E-016   7.7414602435932197E-016  0.97662604877479120        7.1748813361972780E-017  -1.2307548071678186E-015  -2.5478411226934202E-016   6.7062690104380436E-016  -3.4551022137293177E-016  -2.3831089154401058E-012   6.0111110693783348E-018  0.21494548344763859        1.3545472099827922E-016   1.3810330930882878E-016  -1.0164336416679893E-012
   3.9420407622565681E-018 -0.20800362384093304        8.2463739612889664E-016  -4.8609145281331278E-016  -4.3099739479143048E-017  -1.1440483175724403E-016   3.3286188814486174E-013   1.6412085024641742E-015  0.97812805525096747        1.4061551760817642E-015   1.0482839572118270E-017  -2.6008199915874740E-016  -1.0688421770549354E-015  -3.4325106413102405E-012   1.6813143763362003E-017  -8.9603304066124703E-018
  -3.9502089561808642E-017   1.6181037812754880E-016  -3.4890180689957497E-017  -1.7124057914983661E-016 -0.21494548344763856       -1.5137696584091178E-017   1.7786026943203360E-016   8.6842686124006052E-017   1.0549409958061310E-015  -7.1577227119444011E-017   5.2448911226540676E-013  -1.9311901213972096E-017  0.97662604877479176        1.4782250100387485E-015   9.3640547457650297E-016  -4.6183934270700171E-012
   1.7216193535690940E-012   2.4544263406365190E-016   5.3663618890589062E-016  0.97812805525096735       -7.8418113889295584E-016   1.2321515459724074E-012   4.4988962646163380E-016  -9.6723590554400426E-016   6.6144269815901584E-016  -1.7170818145498069E-016   4.2579768340595992E-017  0.20800362384093343        3.0170494057785628E-018  -5.9101638543869637E-017  -6.5488518885397843E-016   1.6511452901282312E-019
   3.1732171964222464E-017   7.5037856358231641E-017   3.5119846520202400E-012   7.3538818145467118E-016   2.0955875054855610E-016   3.3129289614119634E-016   1.2326788615084802E-014  0.97662604877479120       -1.3489584669784608E-015   1.8497833053430267E-012  -2.5843044042155678E-016   7.7053570997738738E-016  -2.2341111667770521E-016  -1.5427065872612445E-016  0.21494548344763867        4.1431434414519432E-017
  -3.6614118704782879E-013  -2.5651454013905732E-016  -2.9364050750882763E-016 -0.20800362384093332        1.9748087403419291E-016   5.8099111575384032E-012   2.8456275049585936E-016  -1.7704749679356169E-016  -2.3824924848723498E-016  -3.2021787418139736E-016   1.4265904579674551E-016  0.97812805525096680        2.6180905133003713E-017   3.9728807136022413E-016  -1.3706527246262681E-015  -4.5066015266959871E-018
  -5.0917625383848752E-017  -1.3639260682889686E-016  -7.7294308220402530E-013   2.4664304059205968E-016   1.3468831561629969E-016   4.7805758684534461E-017  -2.2940346395478055E-015 -0.21494548344763842        3.2232281958986842E-016   8.4105625651550247E-012   2.0048062839559368E-016   1.2199786422545873E-015  -1.1024897146708118E-015  -1.2788016393442261E-015  0.97662604877479287        3.3606598518963244E-016
   2.5132351635673788E-016   1.5672189249361557E-012  -2.9689954409437332E-017  -3.4293584542032320E-016   1.1190248119606029E-015   1.2140461194449945E-017  0.97812805525096769       -1.2373875251310730E-014   7.3037243859106682E-013  -1.7509825184970167E-016   9.0242143359592079E-016  -6.5660953800514937E-016  -7.3450543900030846E-017  0.20800362384093377        1.4191085611408633E-016  -4.8022950253103093E-016
  -4.1404757437727886E-018  -1.5616859395890140E-018   2.1010793975478905E-018  -1.2473021630856890E-017   2.3831011493948084E-012  -1.1859970947899121E-017  -8.4320167216284743E-016   2.9909545945938041E-016  -1.1596188894972252E-017   4.0930654840814697E-017  0.97662604877479231       -1.4310358353543187E-016   1.0164688251486984E-012   1.4939301685711817E-017  -1.9725364462479245E-016  0.21494548344763875     
   4.2461295777737086E-016  -3.3342308707120800E-013   1.3485664999443044E-016   2.4783058946950664E-016   1.8480762045209576E-017   3.5529314994440239E-017 -0.20800362384093343        2.6638605047136590E-015   3.4324166332181635E-012  -4.0861208408413384E-017   2.4979869229116116E-017  -2.4277694126081679E-016  -1.3515365366397106E-015  0.97812805525096791        2.1630906531024386E-015  -1.6326531246775693E-015
   5.3878881751567234E-019   9.2561652072861962E-018  -8.1237285977693022E-018   1.5007365438978273E-018  -5.2452427568483660E-013  -8.0979042301347521E-019   3.1569862338776901E-016  -3.2482530986810494E-017   1.3218562684286533E-017   2.3143124986420952E-017 -0.21494548344763895        3.6168414206059188E-017   4.6183856865182206E-012   1.7027701677423572E-015  -2.9909021888147003E-016  0.97662604877479120     
 Writing psi (complex):
               (1.5943828287419068,0.0000000000000000)               (2.7879656232029357,0.0000000000000000)               (3.7749260633034409,0.0000000000000000)               (5.3881521609236547,0.0000000000000000)               (2.5943828287292643,0.0000000000000000)               (3.7879656231866559,0.0000000000000000)               (4.7749260632841510,0.0000000000000000)               (6.3881521608994492,0.0000000000000000)               (3.5943828287228978,0.0000000000000000)               (4.7879656231786321,0.0000000000000000)               (5.7749260632747630,0.0000000000000000)               (7.3881521608878256,0.0000000000000000)               (4.5943828287423747,0.0000000000000000)               (5.7879656232075334,0.0000000000000000)               (6.7749260633114528,0.0000000000000000)               (8.3881521609372456,0.0000000000000000)
 END Writting psi
 deallocation
