&BASIS_ND
 NAME="Dp                  ",
 NB_BASIS=2          ,
 NB=0          ,
 NQ=0          ,
 A=  0.0000000000000000     ,
 B=  0.0000000000000000     ,
 SCALEQ=  1.0000000000000000     ,
 Q0=  0.0000000000000000     ,
 /
&BASIS_ND
 NAME="boxAB               ",
 NB_BASIS=0          ,
 NB=4          ,
 NQ=6          ,
 A= -2.5000000000000000     ,
 B=  2.5000000000000000     ,
 SCALEQ=  1.0000000000000000     ,
 Q0=  0.0000000000000000     ,
 /
 S: 1        1.000000000       0.000000000       0.000000000      -0.000000000
 S: 2        0.000000000       1.000000000      -0.000000000       0.000000000
 S: 3        0.000000000      -0.000000000       1.000000000      -0.000000000
 S: 4       -0.000000000       0.000000000      -0.000000000       1.000000000
 Sii,Sij   4.4408920985006262E-016   2.1510571102112408E-016

 <d0b|d1b>: 1       -0.000000000      -0.513019932      -0.000000000      -0.158728919
 <d0b|d1b>: 2        0.552702162      -0.000000000      -0.888576588       0.000000000
 <d0b|d1b>: 3       -0.000000000       1.026039864       0.000000000      -1.184768784
 <d0b|d1b>: 4        0.256509966       0.000000000       1.539059796       0.000000000

 <d0b|d1b>: 1       -0.394784176      -0.000000000      -0.000000000       0.000000000
 <d0b|d1b>: 2       -0.000000000      -1.579136704       0.000000000      -0.000000000
 <d0b|d1b>: 3       -0.000000000       0.000000000      -3.553057584       0.000000000
 <d0b|d1b>: 4        0.000000000      -0.000000000       0.000000000      -6.316546817
 -------------------------------------------------
 Write_Basis
 nb,nq           4           6
  x:      -2.0833333333      -1.2500000000      -0.4166666667       0.4166666667       1.2500000000
  x:       2.0833333333

  w:       0.8333333333       0.8333333333       0.8333333333       0.8333333333       0.8333333333
  w:       0.8333333333

 d0gb: 1        0.163691537       0.316227766       0.447213595       0.547722558
 d0gb: 2        0.447213595       0.632455532       0.447213595       0.000000000
 d0gb: 3        0.610905132       0.316227766      -0.447213595      -0.547722558
 d0gb: 4        0.610905132      -0.316227766      -0.447213595       0.547722558
 d0gb: 5        0.447213595      -0.632455532       0.447213595       0.000000000
 d0gb: 6        0.163691537      -0.316227766       0.447213595      -0.547722558

 d1gb: 1        0.383843015       0.688288465       0.842977768       0.794767061
 d1gb: 2        0.280992589       0.000000000      -0.842977768      -1.589534123
 d1gb: 3        0.102850426      -0.688288465      -0.842977768       0.794767061
 d1gb: 4       -0.102850426      -0.688288465       0.842977768       0.794767061
 d1gb: 5       -0.280992589      -0.000000000       0.842977768      -1.589534123
 d1gb: 6       -0.383843015       0.688288465      -0.842977768       0.794767061

 d2gb: 1       -0.064622829      -0.499366872      -1.588975657      -3.459715177
 d2gb: 2       -0.176552851      -0.998733744      -1.588975657      -0.000000000
 d2gb: 3       -0.241175679      -0.499366872       1.588975657       3.459715177
 d2gb: 4       -0.241175679       0.499366872       1.588975657      -3.459715177
 d2gb: 5       -0.176552851       0.998733744      -1.588975657      -0.000000000
 d2gb: 6       -0.064622829       0.499366872      -1.588975657       3.459715177
 -------------------------------------------------
&BASIS_ND
 NAME="boxAB               ",
 NB_BASIS=0          ,
 NB=4          ,
 NQ=6          ,
 A= -2.5000000000000000     ,
 B=  2.5000000000000000     ,
 SCALEQ=  1.0000000000000000     ,
 Q0=  0.0000000000000000     ,
 /
 S: 1        1.000000000       0.000000000       0.000000000      -0.000000000
 S: 2        0.000000000       1.000000000      -0.000000000       0.000000000
 S: 3        0.000000000      -0.000000000       1.000000000      -0.000000000
 S: 4       -0.000000000       0.000000000      -0.000000000       1.000000000
 Sii,Sij   4.4408920985006262E-016   2.1510571102112408E-016

 <d0b|d1b>: 1       -0.000000000      -0.513019932      -0.000000000      -0.158728919
 <d0b|d1b>: 2        0.552702162      -0.000000000      -0.888576588       0.000000000
 <d0b|d1b>: 3       -0.000000000       1.026039864       0.000000000      -1.184768784
 <d0b|d1b>: 4        0.256509966       0.000000000       1.539059796       0.000000000

 <d0b|d1b>: 1       -0.394784176      -0.000000000      -0.000000000       0.000000000
 <d0b|d1b>: 2       -0.000000000      -1.579136704       0.000000000      -0.000000000
 <d0b|d1b>: 3       -0.000000000       0.000000000      -3.553057584       0.000000000
 <d0b|d1b>: 4        0.000000000      -0.000000000       0.000000000      -6.316546817
 -------------------------------------------------
 Write_Basis
 nb,nq           4           6
  x:      -2.0833333333      -1.2500000000      -0.4166666667       0.4166666667       1.2500000000
  x:       2.0833333333

  w:       0.8333333333       0.8333333333       0.8333333333       0.8333333333       0.8333333333
  w:       0.8333333333

 d0gb: 1        0.163691537       0.316227766       0.447213595       0.547722558
 d0gb: 2        0.447213595       0.632455532       0.447213595       0.000000000
 d0gb: 3        0.610905132       0.316227766      -0.447213595      -0.547722558
 d0gb: 4        0.610905132      -0.316227766      -0.447213595       0.547722558
 d0gb: 5        0.447213595      -0.632455532       0.447213595       0.000000000
 d0gb: 6        0.163691537      -0.316227766       0.447213595      -0.547722558

 d1gb: 1        0.383843015       0.688288465       0.842977768       0.794767061
 d1gb: 2        0.280992589       0.000000000      -0.842977768      -1.589534123
 d1gb: 3        0.102850426      -0.688288465      -0.842977768       0.794767061
 d1gb: 4       -0.102850426      -0.688288465       0.842977768       0.794767061
 d1gb: 5       -0.280992589      -0.000000000       0.842977768      -1.589534123
 d1gb: 6       -0.383843015       0.688288465      -0.842977768       0.794767061

 d2gb: 1       -0.064622829      -0.499366872      -1.588975657      -3.459715177
 d2gb: 2       -0.176552851      -0.998733744      -1.588975657      -0.000000000
 d2gb: 3       -0.241175679      -0.499366872       1.588975657       3.459715177
 d2gb: 4       -0.241175679       0.499366872       1.588975657      -3.459715177
 d2gb: 5       -0.176552851       0.998733744      -1.588975657      -0.000000000
 d2gb: 6       -0.064622829       0.499366872      -1.588975657       3.459715177
 -------------------------------------------------
 Initialization of a real psi
  The basis is linked to psi.
 Writing psi (real):
   1.0000000000000000        1.0000000000000000        1.0000000000000000        1.0000000000000000        1.0000000000000000        1.0000000000000000        1.0000000000000000        1.0000000000000000        1.0000000000000000        1.0000000000000000        1.0000000000000000        1.0000000000000000        1.0000000000000000        1.0000000000000000        1.0000000000000000        1.0000000000000000     
 END Writing psi
 Initialization of a complex psi
  The basis is linked to psi.
 Writing psi (complex):
               (1.0000000000000000,0.0000000000000000)               (1.0000000000000000,0.0000000000000000)               (1.0000000000000000,0.0000000000000000)               (1.0000000000000000,0.0000000000000000)               (1.0000000000000000,0.0000000000000000)               (1.0000000000000000,0.0000000000000000)               (1.0000000000000000,0.0000000000000000)               (1.0000000000000000,0.0000000000000000)               (1.0000000000000000,0.0000000000000000)               (1.0000000000000000,0.0000000000000000)               (1.0000000000000000,0.0000000000000000)               (1.0000000000000000,0.0000000000000000)               (1.0000000000000000,0.0000000000000000)               (1.0000000000000000,0.0000000000000000)               (1.0000000000000000,0.0000000000000000)               (1.0000000000000000,0.0000000000000000)
 END Writting psi
  | H | Psi > calculation
 Writing Op (real):

 Op%Rmat: 1        1.217434078      -0.000000000       0.485665790      -0.000000000      -0.000000000
 Op%Rmat: 2        0.000000000       2.295276132      -0.000000000       0.601406530      -0.000000000
 Op%Rmat: 3        0.485665790      -0.000000000       3.397977313      -0.000000000       0.000000000
 Op%Rmat: 4       -0.000000000       0.601406530      -0.000000000       4.895462670      -0.000000000
 Op%Rmat: 5        0.000000000      -0.000000000      -0.000000000       0.000000000       2.295276132
 Op%Rmat: 6        0.000000000      -0.000000000      -0.000000000       0.000000000       0.000000000
 Op%Rmat: 7        0.000000000      -0.000000000       0.000000000       0.000000000       0.485665790
 Op%Rmat: 8        0.000000000       0.000000000       0.000000000       0.000000000      -0.000000000
 Op%Rmat: 9        0.485665790       0.000000000       0.000000000      -0.000000000      -0.000000000
 Op%Rmat: 10        0.000000000       0.485665790      -0.000000000       0.000000000      -0.000000000
 Op%Rmat: 11        0.000000000      -0.000000000       0.485665790      -0.000000000      -0.000000000
 Op%Rmat: 12       -0.000000000       0.000000000      -0.000000000       0.485665790       0.000000000
 Op%Rmat: 13       -0.000000000       0.000000000      -0.000000000       0.000000000       0.601406530
 Op%Rmat: 14       -0.000000000      -0.000000000       0.000000000      -0.000000000       0.000000000
 Op%Rmat: 15       -0.000000000       0.000000000      -0.000000000       0.000000000       0.000000000
 Op%Rmat: 16       -0.000000000      -0.000000000      -0.000000000      -0.000000000      -0.000000000

 Op%Rmat: 1        0.000000000       0.000000000      -0.000000000       0.485665790       0.000000000
 Op%Rmat: 2        0.000000000      -0.000000000       0.000000000       0.000000000       0.485665790
 Op%Rmat: 3        0.000000000      -0.000000000      -0.000000000       0.000000000       0.000000000
 Op%Rmat: 4        0.000000000      -0.000000000       0.000000000      -0.000000000       0.000000000
 Op%Rmat: 5        0.000000000       0.485665790      -0.000000000      -0.000000000       0.000000000
 Op%Rmat: 6        3.373118186      -0.000000000       0.601406530      -0.000000000      -0.000000000
 Op%Rmat: 7       -0.000000000       4.475819367      -0.000000000      -0.000000000       0.000000000
 Op%Rmat: 8        0.601406530      -0.000000000       5.973304723       0.000000000      -0.000000000
 Op%Rmat: 9       -0.000000000      -0.000000000       0.000000000       3.397977313       0.000000000
 Op%Rmat: 10       -0.000000000       0.000000000      -0.000000000       0.000000000       4.475819367
 Op%Rmat: 11       -0.000000000      -0.000000000      -0.000000000       0.485665790      -0.000000000
 Op%Rmat: 12       -0.000000000       0.000000000      -0.000000000      -0.000000000       0.601406530
 Op%Rmat: 13        0.000000000       0.000000000      -0.000000000      -0.000000000      -0.000000000
 Op%Rmat: 14        0.601406530      -0.000000000       0.000000000      -0.000000000      -0.000000000
 Op%Rmat: 15       -0.000000000       0.601406530      -0.000000000      -0.000000000      -0.000000000
 Op%Rmat: 16       -0.000000000      -0.000000000       0.601406530      -0.000000000      -0.000000000

 Op%Rmat: 1       -0.000000000      -0.000000000      -0.000000000       0.000000000      -0.000000000
 Op%Rmat: 2       -0.000000000       0.000000000       0.000000000      -0.000000000       0.000000000
 Op%Rmat: 3        0.485665790      -0.000000000      -0.000000000       0.000000000      -0.000000000
 Op%Rmat: 4       -0.000000000       0.485665790       0.000000000      -0.000000000       0.000000000
 Op%Rmat: 5       -0.000000000      -0.000000000       0.601406530       0.000000000       0.000000000
 Op%Rmat: 6        0.000000000      -0.000000000       0.000000000       0.601406530      -0.000000000
 Op%Rmat: 7       -0.000000000       0.000000000       0.000000000      -0.000000000       0.601406530
 Op%Rmat: 8        0.000000000      -0.000000000      -0.000000000       0.000000000      -0.000000000
 Op%Rmat: 9        0.485665790      -0.000000000      -0.000000000       0.000000000      -0.000000000
 Op%Rmat: 10       -0.000000000       0.601406530      -0.000000000      -0.000000000      -0.000000000
 Op%Rmat: 11        5.578520547      -0.000000000      -0.000000000      -0.000000000      -0.000000000
 Op%Rmat: 12       -0.000000000       7.076005904      -0.000000000      -0.000000000      -0.000000000
 Op%Rmat: 13       -0.000000000       0.000000000       4.895462670       0.000000000       0.485665790
 Op%Rmat: 14        0.000000000      -0.000000000       0.000000000       5.973304723      -0.000000000
 Op%Rmat: 15       -0.000000000      -0.000000000       0.485665790      -0.000000000       7.076005904
 Op%Rmat: 16       -0.000000000      -0.000000000      -0.000000000       0.601406530      -0.000000000

 Op%Rmat: 1       -0.000000000
 Op%Rmat: 2       -0.000000000
 Op%Rmat: 3        0.000000000
 Op%Rmat: 4       -0.000000000
 Op%Rmat: 5       -0.000000000
 Op%Rmat: 6        0.000000000
 Op%Rmat: 7        0.000000000
 Op%Rmat: 8        0.601406530
 Op%Rmat: 9        0.000000000
 Op%Rmat: 10       -0.000000000
 Op%Rmat: 11        0.000000000
 Op%Rmat: 12       -0.000000000
 Op%Rmat: 13       -0.000000000
 Op%Rmat: 14        0.601406530
 Op%Rmat: 15       -0.000000000
 Op%Rmat: 16        8.573491261
 END Writing Op


 eigenvalues = 
   1.0108757575667591     
   2.0596334967799055     
   2.0596334967799090     
   3.1083912359930563     
   3.3979773127749748     
   3.3979773127749779     
   4.4467350519881199     
   4.4467350519881261     
   4.9245469841855591     
   4.9245469841855600     
   5.7850788679831942     
   5.9733047233987104     
   5.9733047233987104     
   7.3116485393937740     
   7.3116485393937785     
   8.8382182108043637     


  0.95673449246903919       -2.8105558298969912E-017   3.7313967980680574E-016   9.9328168695477177E-017  0.19495524256970603       0.21161205110457371        1.1037593257556908E-016   4.0476636128878418E-016  -1.6831056638152950E-016  -9.4605314146120837E-017   4.3265507530960555E-002   3.8951489283632669E-017  -3.5140475314809511E-017  -7.7053749114713870E-017  -2.0721551154899723E-018  -5.2230683824130317E-018
  -1.2085483000842775E-016  0.68126335048055697       0.66963580615555607        1.9662159974540087E-016   9.9244823949338300E-018  -5.8759813238460500E-016  0.20151865760324245        2.5628191306713080E-002  0.19048982814985244       -8.8973323231655549E-002  -3.2015656447195183E-016   1.4133482757975844E-016  -2.1315893442710127E-016   1.3355505855680759E-002   4.2668072869923079E-002  -1.2507914187837730E-016
 -0.20345418007268512        2.1266174339321152E-016   2.5356309514950586E-016   3.5785158713888600E-016  0.95770364242174255       -4.0652815438730512E-003  -5.5099619162312438E-016   8.7905417509814297E-016  -5.3841466798135913E-016   4.9300718479322636E-016  0.20345418007268548        3.2808442843461133E-017  -3.5762599048982611E-017  -6.4642870720040381E-016  -1.6609220601620608E-017  -5.3471796681342877E-018
   9.8780622515563398E-017 -0.14993915061748386      -0.14738004609699554       -5.4010669572799672E-017   8.6005425259899047E-016  -2.4545998260360401E-016  -4.4352211715618275E-002  -5.6405048556924138E-003  0.86550936178707238      -0.40425908802713378       -3.0591736231421298E-016   1.0598220736905185E-015   6.2167486961944543E-017   6.0682060883589115E-002  0.19386660630130859       -4.9733830142973951E-016
  -2.7842186520962544E-016 -0.66963580615555562       0.68126335048055597        4.0643562969284601E-016  -3.5678242835921128E-016   7.4236230188634025E-016  -2.5628191306712997E-002  0.20151865760324217        8.8973323231655063E-002  0.19048982814985255        3.5598787627796470E-016  -4.0557849703309118E-016   3.8591858853142624E-016   4.2668072869922934E-002  -1.3355505855680669E-002  -1.3309954799733417E-016
  -2.7074610446680480E-017   1.3584540640212262E-016  -2.4673922149875751E-016  0.95379843914546114       -3.4870984210522548E-016  -1.2828736212850703E-017  -2.2652733760064227E-016  -2.9853999647626647E-016  -2.9841896378581686E-016  -2.3082532385091695E-016   2.9308873498106256E-017  0.20215137016001883       0.21741383764773015       -5.4674896525330423E-017  -5.4500999174238033E-017   4.6201560854539109E-002
   1.1167909354119514E-016  0.14240126697752503      -0.14487392006521341        4.0362426301099063E-016  -1.1973008851841122E-015  -6.5242276155966799E-016 -0.12051546246908224       0.94763278167202458       -1.8920604064062450E-002  -4.0508575893817025E-002   4.8184340328001426E-016  -1.5963995444083318E-015   6.7956922948893731E-016  0.20064476938863507       -6.2803689321778017E-002  -4.2593240987594591E-016
   1.2486788999023980E-017  -2.7551281096291028E-017   1.3292248864025095E-016 -0.20992135820145413        3.5861192494943453E-016  -6.5610879397584888E-017   1.4751578712796634E-016   1.4161959564690700E-015  -5.5365834647177543E-016   6.7180709234640365E-016  -7.1153893328837291E-017  0.95484755239264318       -1.1497757672321585E-002   1.0893705090958679E-015  -6.7559937985531175E-016  0.20992135820145455     
 -0.20345418007268559        5.1544453053324564E-016  -1.7026016876004062E-016  -2.3479848318119776E-017  -8.2393204096591302E-002  0.95416149217027202        1.1538268926869975E-015   6.4809968463310402E-016   2.9414556043343082E-017  -6.8558903033745886E-016  0.20345418007268548        3.5723365811580311E-017  -8.0394846108144765E-017  -5.4563101978617153E-016  -1.1725573039596233E-016  -1.3528578816891026E-017
   1.8954957175154990E-016 -0.14487392006521360      -0.14240126697752492        4.5657607483278193E-016   7.7926551646741456E-016  -7.5224133620896457E-016  0.94763278167202425       0.12051546246908246       -4.0508575893818954E-002   1.8920604064061576E-002  -7.2985681737561288E-016  -2.1789558322206165E-016  -6.3799570926051853E-016   6.2803689321777947E-002  0.20064476938863515       -4.2249804937246053E-016
   4.3265507530960381E-002  -1.1659322083187636E-016  -9.4667712963461265E-017  -5.4666424825373078E-017 -0.19495524256970614      -0.21161205110457348        9.3392660154800817E-016  -7.7307489131627858E-017   3.8359430145323374E-016  -1.0009446706345424E-015  0.95673449246904030        5.4859836204372899E-017  -2.2909633372867959E-016  -2.7107670152930889E-015  -1.2680580397755418E-016  -4.1250205877505703E-017
  -2.9292830697549349E-017   3.1885279761314951E-002   3.1341073906885557E-002  -1.1650973888098174E-016  -3.7931832222121490E-016   2.8172333195997364E-016 -0.20856435955487646       -2.6524230411251834E-002 -0.18405471835052550        8.5967634635220974E-002   1.4204159516348906E-015   8.1749980855550753E-016   7.4678714189086338E-017  0.28535476980957020       0.91164934099714201       -2.0249356932504017E-015
   2.3234165001288466E-016  0.14738004609699537      -0.14993915061748350        3.0462915384359767E-017  -3.7473636057661242E-016   5.0596093204204857E-016   5.6405048556935240E-003  -4.4352211715619080E-002  0.40425908802713395       0.86550936178707261        1.5479295777429709E-015  -2.1657434677090003E-016   1.3519462805832491E-015  0.19386660630130825       -6.0682060883588934E-002  -5.9369224932014801E-016
  -8.7529856957006223E-018   1.2603846996119727E-017   7.6411747313369104E-017 -0.20992135820145416       -2.9596527579668997E-016   8.8223715219109164E-017   8.9284090015415837E-016  -1.1557576377213358E-016  -4.5675839973266327E-016  -1.0412994980230170E-015   2.6197347568627661E-016  -8.0844287210859622E-002  0.95148843816784345       -1.0584648391123273E-015   7.5502050859815818E-016  0.20992135820145463     
  -3.4859227694708274E-017  -3.1341073906885522E-002   3.1885279761315000E-002  -1.8713534935477976E-016   3.3309539325990973E-016  -4.1596630016745197E-017   2.6524230411251098E-002 -0.20856435955487623       -8.5967634635220891E-002 -0.18405471835052511        2.1986089609095533E-015  -4.2674130265482014E-016   1.3327365187850663E-015  0.91164934099714134      -0.28535476980957036       -1.9261598827965211E-015
   2.5353363074125960E-018   8.4712541458235020E-018  -1.6576059757807142E-017   4.6201560854538866E-002  -1.2843858395227934E-017   3.0767447491127442E-018  -2.3521105638775453E-016  -2.7366308052056490E-016   3.8859147088918503E-016   2.3336527507951994E-016   1.2424816696923417E-018 -0.20215137016001927      -0.21741383764773048        2.7345638196494280E-015   1.4625489525481764E-015  0.95379843914546136     
 Writing psi (complex):
               (2.1887656575250549,0.0000000000000000)               (3.3823484519962772,0.0000000000000000)               (4.3693088921052121,0.0000000000000000)               (5.9825349897392037,0.0000000000000000)               (3.3823484519962759,0.0000000000000000)               (4.5759312464675004,0.0000000000000000)               (5.5628916865764335,0.0000000000000000)               (7.1761177842104278,0.0000000000000000)               (4.3693088921052121,0.0000000000000000)               (5.5628916865764326,0.0000000000000000)               (6.5498521266853693,0.0000000000000000)               (8.1630782243193600,0.0000000000000000)               (5.9825349897392046,0.0000000000000000)               (7.1761177842104269,0.0000000000000000)               (8.1630782243193618,0.0000000000000000)               (9.7763043219533508,0.0000000000000000)
 END Writting psi
 deallocation
