 + gfortran -c ./src/Op_m.f90  -Wall -Wextra -Wimplicit-interface -fPIC -fmax-errors=1 -g -fcheck=bounds -fcheck=array-temps -fbacktrace -fcoarray=single -J build/gfortran_2A42023B310FA28D -Ibuild/gfortran_2A42023B310FA28D -o build/gfortran_2A42023B310FA28D/TI_Schrod/src_Op_m.f90.o
 + ar -rs build/gfortran_2A42023B310FA28D/TI_Schrod/libTI_Schrod.a build/gfortran_2A42023B310FA28D/TI_Schrod/src_Op_m.f90.o build/gfortran_2A42023B310FA28D/TI_Schrod/src_Basis_m.f90.o build/gfortran_2A42023B310FA28D/TI_Schrod/src_diago_m.f90.o build/gfortran_2A42023B310FA28D/TI_Schrod/src_UtilLib_m.f90.o build/gfortran_2A42023B310FA28D/TI_Schrod/src_Molec_m.f90.o build/gfortran_2A42023B310FA28D/TI_Schrod/src_NDindex_m.f90.o build/gfortran_2A42023B310FA28D/TI_Schrod/src_NumParameters_m.f90.o build/gfortran_2A42023B310FA28D/TI_Schrod/src_psi_m.f90.o
 + gfortran -c app/TI_Schrod.f90  -Wall -Wextra -Wimplicit-interface -fPIC -fmax-errors=1 -g -fcheck=bounds -fcheck=array-temps -fbacktrace -fcoarray=single -J build/gfortran_2A42023B310FA28D -Ibuild/gfortran_2A42023B310FA28D -o build/gfortran_2A42023B310FA28D/TI_Schrod/app_TI_Schrod.f90.o
 + gfortran  -Wall -Wextra -Wimplicit-interface -fPIC -fmax-errors=1 -g -fcheck=bounds -fcheck=array-temps -fbacktrace -fcoarray=single  build/gfortran_2A42023B310FA28D/TI_Schrod/app_TI_Schrod.f90.o build/gfortran_2A42023B310FA28D/TI_Schrod/libTI_Schrod.a -o build/gfortran_2A42023B310FA28D/app/TI_Schrod
&BASIS_ND
 NAME="Dp                  ",
 NB_BASIS=2          ,
 NB=0          ,
 NQ=0          ,
 A=  0.0000000000000000     ,
 B=  0.0000000000000000     ,
 SCALEQ=  1.0000000000000000     ,
 Q0=  0.0000000000000000     ,
 /
&BASIS_ND
 NAME="herm                ",
 NB_BASIS=0          ,
 NB=4          ,
 NQ=6          ,
 A=  0.0000000000000000     ,
 B=  0.0000000000000000     ,
 SCALEQ=  1.0000000000000000     ,
 Q0=  0.0000000000000000     ,
 /
 S: 1        1.000000000       0.000000000      -0.000000000       0.000000000
 S: 2        0.000000000       1.000000000      -0.000000000      -0.000000000
 S: 3       -0.000000000       0.000000000       1.000000000       0.000000000
 S: 4        0.000000000      -0.000000000       0.000000000       1.000000000
 Sii,Sij   9.9911190432067087E-012   2.7755575615628914E-017

 <d0b|d1b>: 1        0.000000000       0.707106781       0.000000000      -0.000000000
 <d0b|d1b>: 2       -0.707106781       0.000000000       1.000000000       0.000000000
 <d0b|d1b>: 3        0.000000000      -1.000000000       0.000000000       1.224744871
 <d0b|d1b>: 4        0.000000000       0.000000000      -1.224744871       0.000000000

 <d0b|d1b>: 1       -0.500000000      -0.000000000       0.707106781      -0.000000000
 <d0b|d1b>: 2       -0.000000000      -1.500000000       0.000000000       1.224744871
 <d0b|d1b>: 3        0.707106781       0.000000000      -2.500000000       0.000000000
 <d0b|d1b>: 4        0.000000000       1.224744871       0.000000000      -3.500000000
&BASIS_ND
 NAME="herm                ",
 NB_BASIS=0          ,
 NB=3          ,
 NQ=5          ,
 A=  0.0000000000000000     ,
 B=  0.0000000000000000     ,
 SCALEQ=  1.0000000000000000     ,
 Q0=  0.0000000000000000     ,
 /
 S: 1        1.000000000       0.000000000       0.000000000
 S: 2        0.000000000       1.000000000       0.000000000
 S: 3        0.000000000       0.000000000       1.000000000
 Sii,Sij   3.1121771826292388E-012   1.1102230246251565E-016

 <d0b|d1b>: 1        0.000000000       0.707106781       0.000000000
 <d0b|d1b>: 2       -0.707106781       0.000000000       1.000000000
 <d0b|d1b>: 3        0.000000000      -1.000000000       0.000000000

 <d0b|d1b>: 1       -0.500000000       0.000000000       0.707106781
 <d0b|d1b>: 2        0.000000000      -1.500000000       0.000000000
 <d0b|d1b>: 3        0.707106781       0.000000000      -2.500000000


 eigenvalues = 
  0.99999999999105027     
   1.9999999999664992     
   1.9999999999813431     
   2.9999999999508677     
   2.9999999999518465     
   2.9999999999716307     
   3.9999999999367279     
   3.9999999999371818     
   3.9999999999677223     
   4.9999999999225775     
   4.9999999999595701     
   5.9999999999514175     


   1.0000000000000002        3.3247281974982191E-017   4.4014752415319639E-016  -3.0480710236705836E-012   5.5019536069717709E-013  -4.6101595693500930E-015  -2.6911045268346180E-016   4.0952415270840926E-018   1.2396878403660513E-017   5.3990159161977251E-017  -1.0747993617094057E-016   1.7989724935562781E-018
  -3.1159473113269243E-016   3.5620697197791430E-005  0.99999999936558304        4.5653388515788383E-019   1.0019818288770893E-015  -2.8040361999735891E-016   1.7441941846723719E-016   6.3179111427661633E-014   5.5005349367442613E-013  -3.6707853851947398E-017  -2.2029170917384748E-016  -4.5220600640867464E-017
   3.0482010947888547E-012  -1.3880087649753565E-016   1.1785942110886935E-017  0.99999880733729407       -2.1464057420063509E-005   1.5443002572857491E-003  -2.4293996692321924E-016  -2.2054238805558046E-016  -1.5301370724886430E-016  -3.0760679843509808E-016   5.4989456161313475E-013   2.0816681711702142E-017
   5.1625878693000186E-018   4.9537940614242625E-017  -6.3183025461799004E-014   2.2537294532081140E-016  -4.3687941504062170E-018   6.3779515394470883E-016   7.4253572176165343E-006  0.99999999826918373       -5.8365211425353537E-005   7.0769086339270538E-016   6.0432170005890939E-016   5.5066368132455713E-013
  -2.3077224188915451E-017  0.99999999936558326       -3.5620697197798484E-005   9.0376259306990412E-017  -9.1358834158281156E-017   5.3052084601599559E-016  -4.7983880325700336E-012  -1.4950858914186900E-017   2.1814088083672231E-015   2.5101513266002795E-016  -4.8251262446728823E-017  -1.3171048613818821E-018
  -1.3265761903964071E-017  -4.0587800099422326E-016   2.1427800576652408E-016  -1.5443018944772493E-003  -7.6469830477656387E-005  0.99999880464129731        2.9062209473179739E-016  -6.3857217591320574E-016  -3.3609618598008175E-016  -7.3581547968554883E-013   2.1469363869061495E-016  -1.3877787807750178E-017
   6.8290265973677455E-017   4.7984453537589532E-012  -1.3110318254991818E-016   2.0560641616271484E-016  -1.9469939372400617E-016  -1.3506749528916707E-016  0.99999989825038260       -7.4516819479381593E-006  -4.5104733308218764E-004  -2.1533486523673861E-016   9.1161605184647507E-017  -1.3877787807691512E-017
  -3.2201771360236495E-017  -2.3939085097387608E-016   5.5515414874570722E-017  -8.0315588464404769E-016  -1.9434216085088152E-016   7.3582939886653372E-013   2.4960310304806322E-016  -6.9079478696682583E-016  -1.8669442417363011E-016  0.99999999946138773        3.2821098242826536E-005  -2.5014284196827230E-017
  -5.5015762532015675E-013   2.1426369558106930E-016  -9.2374818314902052E-016   2.1345939383996774E-005  0.99999999684582985        7.6502886259557340E-005   2.6281678557651142E-016  -3.8479084838447699E-017  -1.7338832308057034E-016   3.4865281944781496E-016  -6.5481222276693953E-012   1.1564823180267921E-018
  -9.9793358128808573E-018  -3.5934858624160384E-017  -5.5007627410055214E-013   1.5545143274494787E-016   1.5805971575541086E-016   3.3528642239198505E-016   4.5104776722050207E-004   5.8361856299335061E-005  0.99999989657489730        1.8965234550696906E-016  -2.9944427035093307E-016  -1.5346474091406178E-012
   5.9928667856018461E-018   3.3826984192063273E-017  -6.9394963753884685E-018  -5.4984297074570803E-013   6.5483405252334946E-012  -5.7288122285796746E-016  -9.0172248918247572E-017  -3.3017145487989236E-016  -1.0036991608770135E-016  -3.2821098242879431E-005  0.99999999946138707       -1.5008570517681247E-016
  -1.7989724936357153E-018   1.3187156498524028E-018   4.5220552886614231E-017  -2.0838113064590046E-017  -1.1570967347820211E-018   1.3845535537839821E-017   7.0198819921862708E-016  -5.5057411560331014E-013   1.5346793837621977E-012   2.5009358205575264E-017   1.5008652609222267E-016   1.0000000000000000     
 deallocation
