 + gfortran -c ./src/NDindex_m.f90  -Wall -Wextra -Wimplicit-interface -fPIC -fmax-errors=1 -g -fcheck=bounds -fcheck=array-temps -fbacktrace -fcoarray=single -J build/gfortran_2A42023B310FA28D -Ibuild/gfortran_2A42023B310FA28D -o build/gfortran_2A42023B310FA28D/TI_Schrod/src_NDindex_m.f90.o
 + gfortran -c ./src/Op_m.f90  -Wall -Wextra -Wimplicit-interface -fPIC -fmax-errors=1 -g -fcheck=bounds -fcheck=array-temps -fbacktrace -fcoarray=single -J build/gfortran_2A42023B310FA28D -Ibuild/gfortran_2A42023B310FA28D -o build/gfortran_2A42023B310FA28D/TI_Schrod/src_Op_m.f90.o
 + ar -rs build/gfortran_2A42023B310FA28D/TI_Schrod/libTI_Schrod.a build/gfortran_2A42023B310FA28D/TI_Schrod/src_Op_m.f90.o build/gfortran_2A42023B310FA28D/TI_Schrod/src_Basis_m.f90.o build/gfortran_2A42023B310FA28D/TI_Schrod/src_diago_m.f90.o build/gfortran_2A42023B310FA28D/TI_Schrod/src_UtilLib_m.f90.o build/gfortran_2A42023B310FA28D/TI_Schrod/src_Molec_m.f90.o build/gfortran_2A42023B310FA28D/TI_Schrod/src_NDindex_m.f90.o build/gfortran_2A42023B310FA28D/TI_Schrod/src_NumParameters_m.f90.o build/gfortran_2A42023B310FA28D/TI_Schrod/src_psi_m.f90.o
 + gfortran -c app/TI_Schrod.f90  -Wall -Wextra -Wimplicit-interface -fPIC -fmax-errors=1 -g -fcheck=bounds -fcheck=array-temps -fbacktrace -fcoarray=single -J build/gfortran_2A42023B310FA28D -Ibuild/gfortran_2A42023B310FA28D -o build/gfortran_2A42023B310FA28D/TI_Schrod/app_TI_Schrod.f90.o
 + gfortran  -Wall -Wextra -Wimplicit-interface -fPIC -fmax-errors=1 -g -fcheck=bounds -fcheck=array-temps -fbacktrace -fcoarray=single  build/gfortran_2A42023B310FA28D/TI_Schrod/app_TI_Schrod.f90.o build/gfortran_2A42023B310FA28D/TI_Schrod/libTI_Schrod.a -o build/gfortran_2A42023B310FA28D/app/TI_Schrod
&BASIS_ND
 NAME="herm                ",
 NB_BASIS=0          ,
 NB=10         ,
 NQ=30         ,
 A=  0.0000000000000000     ,
 B=  0.0000000000000000     ,
 SCALEQ=  1.0000000000000000     ,
 Q0=  0.0000000000000000     ,
 /
 S: 1        1.000000000      -0.000000000      -0.000000000      -0.000000000      -0.000000000
 S: 2       -0.000000000       1.000000000       0.000000000      -0.000000000      -0.000000000
 S: 3       -0.000000000      -0.000000000       1.000000000      -0.000000000      -0.000000000
 S: 4        0.000000000      -0.000000000      -0.000000000       1.000000000      -0.000000000
 S: 5       -0.000000000      -0.000000000      -0.000000000       0.000000000       1.000000000
 S: 6        0.000000000      -0.000000000      -0.000000000      -0.000000000      -0.000000000
 S: 7       -0.000000000       0.000000000      -0.000000000       0.000000000      -0.000000000
 S: 8       -0.000000000       0.000000000      -0.000000000      -0.000000000       0.000000000
 S: 9        0.000000000       0.000000000       0.000000000       0.000000000       0.000000000
 S: 10       -0.000000000       0.000000000      -0.000000000       0.000000000       0.000000000

 S: 1        0.000000000      -0.000000000      -0.000000000       0.000000000      -0.000000000
 S: 2       -0.000000000       0.000000000       0.000000000       0.000000000       0.000000000
 S: 3       -0.000000000      -0.000000000      -0.000000000       0.000000000      -0.000000000
 S: 4       -0.000000000       0.000000000      -0.000000000       0.000000000       0.000000000
 S: 5        0.000000000      -0.000000000       0.000000000       0.000000000       0.000000000
 S: 6        1.000000000      -0.000000000      -0.000000000       0.000000000       0.000000000
 S: 7       -0.000000000       1.000000000       0.000000000       0.000000000       0.000000000
 S: 8       -0.000000000       0.000000000       1.000000000       0.000000000      -0.000000000
 S: 9       -0.000000000       0.000000000       0.000000000       1.000000000       0.000000000
 S: 10        0.000000000       0.000000000      -0.000000000       0.000000000       1.000000000
 Sii,Sij   5.7617244308971749E-012   8.9793484454341420E-013

 <d0b|d1b>: 1        0.000000000       0.707106781      -0.000000000       0.000000000      -0.000000000
 <d0b|d1b>: 2       -0.707106781       0.000000000       1.000000000       0.000000000       0.000000000
 <d0b|d1b>: 3        0.000000000      -1.000000000       0.000000000       1.224744871       0.000000000
 <d0b|d1b>: 4        0.000000000      -0.000000000      -1.224744871       0.000000000       1.414213562
 <d0b|d1b>: 5       -0.000000000       0.000000000       0.000000000      -1.414213562      -0.000000000
 <d0b|d1b>: 6        0.000000000      -0.000000000       0.000000000       0.000000000      -1.581138830
 <d0b|d1b>: 7       -0.000000000       0.000000000       0.000000000       0.000000000      -0.000000000
 <d0b|d1b>: 8       -0.000000000       0.000000000       0.000000000      -0.000000000       0.000000000
 <d0b|d1b>: 9        0.000000000      -0.000000000       0.000000000      -0.000000000      -0.000000000
 <d0b|d1b>: 10       -0.000000000       0.000000000      -0.000000000       0.000000000      -0.000000000

 <d0b|d1b>: 1       -0.000000000      -0.000000000      -0.000000000       0.000000000      -0.000000000
 <d0b|d1b>: 2        0.000000000      -0.000000000      -0.000000000      -0.000000000       0.000000000
 <d0b|d1b>: 3       -0.000000000       0.000000000      -0.000000000      -0.000000000       0.000000000
 <d0b|d1b>: 4       -0.000000000      -0.000000000       0.000000000      -0.000000000      -0.000000000
 <d0b|d1b>: 5        1.581138830      -0.000000000      -0.000000000      -0.000000000       0.000000000
 <d0b|d1b>: 6       -0.000000000       1.732050808       0.000000000      -0.000000000      -0.000000000
 <d0b|d1b>: 7       -1.732050808      -0.000000000       1.870828693       0.000000000       0.000000000
 <d0b|d1b>: 8       -0.000000000      -1.870828693       0.000000000       2.000000000      -0.000000000
 <d0b|d1b>: 9        0.000000000       0.000000000      -2.000000000       0.000000000       2.121320344
 <d0b|d1b>: 10        0.000000000       0.000000000       0.000000000      -2.121320344      -0.000000000

 <d0b|d1b>: 1       -0.500000000       0.000000000       0.707106781      -0.000000000       0.000000000
 <d0b|d1b>: 2        0.000000000      -1.500000000       0.000000000       1.224744871       0.000000000
 <d0b|d1b>: 3        0.707106781       0.000000000      -2.500000000      -0.000000000       1.732050808
 <d0b|d1b>: 4       -0.000000000       1.224744871      -0.000000000      -3.500000000       0.000000000
 <d0b|d1b>: 5       -0.000000000      -0.000000000       1.732050808       0.000000000      -4.500000000
 <d0b|d1b>: 6       -0.000000000      -0.000000000       0.000000000       2.236067977      -0.000000000
 <d0b|d1b>: 7       -0.000000000       0.000000000      -0.000000000       0.000000000       2.738612788
 <d0b|d1b>: 8        0.000000000      -0.000000000      -0.000000000      -0.000000000      -0.000000000
 <d0b|d1b>: 9        0.000000000      -0.000000000       0.000000000       0.000000000      -0.000000000
 <d0b|d1b>: 10       -0.000000000       0.000000000       0.000000000      -0.000000000      -0.000000000

 <d0b|d1b>: 1        0.000000000       0.000000000       0.000000000      -0.000000000      -0.000000000
 <d0b|d1b>: 2        0.000000000       0.000000000      -0.000000000      -0.000000000      -0.000000000
 <d0b|d1b>: 3        0.000000000       0.000000000      -0.000000000      -0.000000000      -0.000000000
 <d0b|d1b>: 4        2.236067977       0.000000000      -0.000000000      -0.000000000      -0.000000000
 <d0b|d1b>: 5       -0.000000000       2.738612788      -0.000000000      -0.000000000      -0.000000000
 <d0b|d1b>: 6       -5.500000000      -0.000000000       3.240370349      -0.000000000      -0.000000000
 <d0b|d1b>: 7       -0.000000000      -6.500000000      -0.000000000       3.741657387       0.000000000
 <d0b|d1b>: 8        3.240370349       0.000000000      -7.500000000      -0.000000000       4.242640687
 <d0b|d1b>: 9        0.000000000       3.741657387       0.000000000      -8.500000000      -0.000000000
 <d0b|d1b>: 10       -0.000000000       0.000000000       4.242640687      -0.000000000      -9.500000000


 eigenvalues = 
   1.3933710550750074     
   4.6528690024091457     
   8.6896638038321647     
   13.454081345837810     
   21.742031890883602     
   31.491525131886352     
   59.228334640890793     
   81.098966484438066     
   167.69659860793283     
   213.05255803317561     


  0.98384108652589142        5.4565288908322802E-017  0.15532130787479076        1.0965203870390843E-016  -8.6198682444194430E-002  -3.6346609041242986E-017   2.2320001967939537E-002  -2.5934090859785080E-018   1.9006421688594942E-003   6.0574462752525638E-019
  -6.4147475110455481E-017  0.92429460916510520        1.2831804623314270E-016  0.32792187339598328        5.1402065045357875E-016  0.18879137353199366        4.4569360274872557E-016   4.9843396564190401E-002  -2.4936649967166602E-016   4.4914936984385145E-003
 -0.17762765271939343       -8.8337096453965055E-017  0.80765316410758392        5.9553862020776749E-016 -0.51149342804082432       -2.7432768747671158E-016  0.23110477552062000       -3.0701597410592305E-017   3.3314250689705283E-002   1.1901997530610043E-017
   2.4173519402353325E-017 -0.36524713353697119       -2.9499063916951738E-016  0.63028730760339835        1.7860444141998530E-016  0.61195285796754584        3.5426158913250945E-016  0.30426474578567492        2.7929047963226594E-016   4.7635127945851397E-002
   2.1179059609039857E-002   2.0138245503355534E-016 -0.51881289252900287        8.4029718980812845E-017 -0.52112518189721280       -4.4616145746234458E-016  0.64721175733518377       -9.5331284692110304E-017  0.19982521347284235        9.4716685701537091E-017
  -8.1720836486184404E-018  0.10892591078994225        2.2685950811519973E-016 -0.60661763893061316       -5.1048247816332110E-016  0.33723492985537595        2.6434446623190714E-016  0.67281201428320803       -5.1282762758564360E-016  0.23183352134331559     
   6.0467144330299018E-003  -2.8246483982787979E-016  0.22476121884333111       -2.5469897172442363E-016  0.61659854428506977        2.8564829678749583E-016  0.50275621901012058       -7.8251551124804551E-017  0.56257288521649096        3.3767652349709142E-016
   3.7815451042686006E-018  -2.0225884723345633E-002  -1.0648661636837313E-016  0.33811554410573419        4.8093845828485207E-016 -0.61129949822046570       -1.4228974357569294E-016  0.41340880825650123       -3.0344108302438055E-017  0.58367360155534553     
  -4.4741626696176377E-003   2.6504168592802307E-016  -6.2347693436260988E-002   1.1539232733211715E-016 -0.28138770441165539       -6.6351316964996839E-019 -0.52387548678809859       -1.1225501090154817E-016  0.80154112878882011        6.0437959255130578E-016
  -8.3632038876115705E-019  -2.5779273015020767E-004   3.0494767792622728E-017 -0.11356968695413520       -1.9958207456076896E-016  0.32008911644431653        1.0564002896981380E-016 -0.53042977950246606       -6.4190094330797724E-016  0.77671685078856778     
 deallocation
           1           1           1
           2           2           1
           3           3           1
           4           4           1
           5           5           1
           6           6           1
           7           1           2
           8           2           2
           9           3           2
          10           4           2
          11           5           2
          12           6           2
          13           1           3
          14           2           3
          15           3           3
          16           4           3
          17           5           3
          18           6           3
          19           1           4
          20           2           4
          21           3           4
          22           4           4
          23           5           4
          24           6           4
          25           1           5
          26           2           5
          27           3           5
          28           4           5
          29           5           5
          30           6           5
          31           1           6
          32           2           6
          33           3           6
          34           4           6
          35           5           6
          36           6           6
          37           1           7
          38           2           7
          39           3           7
          40           4           7
          41           5           7
          42           6           7
          43           1           8
          44           2           8
          45           3           8
          46           4           8
          47           5           8
          48           6           8
          49           1           9
          50           2           9
          51           3           9
          52           4           9
          53           5           9
          54           6           9
          55           1          10
          56           2          10
          57           3          10
          58           4          10
          59           5          10
          60           6          10
          61           1          11
          62           2          11
          63           3          11
          64           4          11
          65           5          11
          66           6          11
          67           1          12
          68           2          12
          69           3          12
          70           4          12
          71           5          12
          72           6          12
          73           1          13
          74           2          13
          75           3          13
          76           4          13
          77           5          13
          78           6          13
          79           1          14
          80           2          14
          81           3          14
          82           4          14
          83           5          14
          84           6          14
          85           1          15
          86           2          15
          87           3          15
          88           4          15
          89           5          15
          90           6          15
          91           1          16
          92           2          16
          93           3          16
          94           4          16
          95           5          16
          96           6          16
          97           1          17
          98           2          17
          99           3          17
         100           4          17
