 + gfortran -c ./src/Op_m.f90  -Wall -Wextra -Wimplicit-interface -fPIC -fmax-errors=1 -g -fcheck=bounds -fcheck=array-temps -fbacktrace -fcoarray=single -J build/gfortran_2A42023B310FA28D -Ibuild/gfortran_2A42023B310FA28D -o build/gfortran_2A42023B310FA28D/TI_Schrod/src_Op_m.f90.o
 + ar -rs build/gfortran_2A42023B310FA28D/TI_Schrod/libTI_Schrod.a build/gfortran_2A42023B310FA28D/TI_Schrod/src_Op_m.f90.o build/gfortran_2A42023B310FA28D/TI_Schrod/src_Basis_m.f90.o build/gfortran_2A42023B310FA28D/TI_Schrod/src_diago_m.f90.o build/gfortran_2A42023B310FA28D/TI_Schrod/src_UtilLib_m.f90.o build/gfortran_2A42023B310FA28D/TI_Schrod/src_Molec_m.f90.o build/gfortran_2A42023B310FA28D/TI_Schrod/src_NumParameters_m.f90.o build/gfortran_2A42023B310FA28D/TI_Schrod/src_psi_m.f90.o
 + gfortran -c app/TI_Schrod.f90  -Wall -Wextra -Wimplicit-interface -fPIC -fmax-errors=1 -g -fcheck=bounds -fcheck=array-temps -fbacktrace -fcoarray=single -J build/gfortran_2A42023B310FA28D -Ibuild/gfortran_2A42023B310FA28D -o build/gfortran_2A42023B310FA28D/TI_Schrod/app_TI_Schrod.f90.o
 + gfortran  -Wall -Wextra -Wimplicit-interface -fPIC -fmax-errors=1 -g -fcheck=bounds -fcheck=array-temps -fbacktrace -fcoarray=single  build/gfortran_2A42023B310FA28D/TI_Schrod/app_TI_Schrod.f90.o build/gfortran_2A42023B310FA28D/TI_Schrod/libTI_Schrod.a -o build/gfortran_2A42023B310FA28D/app/TI_Schrod
&BASIS_ND
 NAME="Dp                  ",
 NB_BASIS=2          ,
 NB=0          ,
 NQ=0          ,
 A=  0.0000000000000000     ,
 B=  0.0000000000000000     ,
 SCALEQ=  1.0000000000000000     ,
 Q0=  0.0000000000000000     ,
 /
&BASIS_ND
 NAME="boxAB               ",
 NB_BASIS=0          ,
 NB=4          ,
 NQ=4          ,
 A= -2.5000000000000000     ,
 B=  2.5000000000000000     ,
 SCALEQ=  1.0000000000000000     ,
 Q0=  0.0000000000000000     ,
 /
 S: 1        1.000000000      -0.000000000      -0.000000000       0.000000000
 S: 2       -0.000000000       1.000000000       0.000000000       0.000000000
 S: 3       -0.000000000       0.000000000       1.000000000      -0.000000000
 S: 4        0.000000000       0.000000000      -0.000000000       1.000000000
 Sii,Sij   2.2204460492503131E-016   1.1102230246251565E-016

 <d0b|d1b>: 1        0.000000000      -0.480894184      -0.000000000      -0.000000000
 <d0b|d1b>: 2        0.580490630       0.000000000      -0.721341276       0.000000000
 <d0b|d1b>: 3        0.000000000       1.160981261      -0.000000000      -0.000000000
 <d0b|d1b>: 4        0.240447092       0.000000000       1.741471891       0.000000000

 <d0b|d1b>: 1       -0.394784176       0.000000000       0.000000000       0.000000000
 <d0b|d1b>: 2        0.000000000      -1.579136704      -0.000000000      -0.000000000
 <d0b|d1b>: 3        0.000000000      -0.000000000      -3.553057584       0.000000000
 <d0b|d1b>: 4        0.000000000      -0.000000000       0.000000000      -6.316546817
 -------------------------------------------------
 Write_Basis
 nb,nq           4           4
  x:      -1.8750000000      -0.6250000000       0.6250000000       1.8750000000

  w:       1.2500000000       1.2500000000       1.2500000000       1.2500000000

 d0gb: 1        0.242030254       0.447213595       0.584312721       0.447213595
 d0gb: 2        0.584312721       0.447213595      -0.242030254      -0.447213595
 d0gb: 3        0.584312721      -0.447213595      -0.242030254       0.447213595
 d0gb: 4        0.242030254      -0.447213595       0.584312721      -0.447213595

 d1gb: 1        0.367134511       0.561985178       0.456216280       0.000000000
 d1gb: 2        0.152072093      -0.561985178      -1.101403532      -0.000000000
 d1gb: 3       -0.152072093      -0.561985178       1.101403532       0.000000000
 d1gb: 4       -0.367134511       0.561985178      -0.456216280      -0.000000000

 d2gb: 1       -0.095549714      -0.706211403      -2.076096746      -2.824845613
 d2gb: 2       -0.230677416      -0.706211403       0.859947429       2.824845613
 d2gb: 3       -0.230677416       0.706211403       0.859947429      -2.824845613
 d2gb: 4       -0.095549714       0.706211403      -2.076096746       2.824845613
 -------------------------------------------------
&BASIS_ND
 NAME="boxAB               ",
 NB_BASIS=0          ,
 NB=4          ,
 NQ=4          ,
 A= -2.5000000000000000     ,
 B=  2.5000000000000000     ,
 SCALEQ=  1.0000000000000000     ,
 Q0=  0.0000000000000000     ,
 /
 S: 1        1.000000000      -0.000000000      -0.000000000       0.000000000
 S: 2       -0.000000000       1.000000000       0.000000000       0.000000000
 S: 3       -0.000000000       0.000000000       1.000000000      -0.000000000
 S: 4        0.000000000       0.000000000      -0.000000000       1.000000000
 Sii,Sij   2.2204460492503131E-016   1.1102230246251565E-016

 <d0b|d1b>: 1        0.000000000      -0.480894184      -0.000000000      -0.000000000
 <d0b|d1b>: 2        0.580490630       0.000000000      -0.721341276       0.000000000
 <d0b|d1b>: 3        0.000000000       1.160981261      -0.000000000      -0.000000000
 <d0b|d1b>: 4        0.240447092       0.000000000       1.741471891       0.000000000

 <d0b|d1b>: 1       -0.394784176       0.000000000       0.000000000       0.000000000
 <d0b|d1b>: 2        0.000000000      -1.579136704      -0.000000000      -0.000000000
 <d0b|d1b>: 3        0.000000000      -0.000000000      -3.553057584       0.000000000
 <d0b|d1b>: 4        0.000000000      -0.000000000       0.000000000      -6.316546817
 -------------------------------------------------
 Write_Basis
 nb,nq           4           4
  x:      -1.8750000000      -0.6250000000       0.6250000000       1.8750000000

  w:       1.2500000000       1.2500000000       1.2500000000       1.2500000000

 d0gb: 1        0.242030254       0.447213595       0.584312721       0.447213595
 d0gb: 2        0.584312721       0.447213595      -0.242030254      -0.447213595
 d0gb: 3        0.584312721      -0.447213595      -0.242030254       0.447213595
 d0gb: 4        0.242030254      -0.447213595       0.584312721      -0.447213595

 d1gb: 1        0.367134511       0.561985178       0.456216280       0.000000000
 d1gb: 2        0.152072093      -0.561985178      -1.101403532      -0.000000000
 d1gb: 3       -0.152072093      -0.561985178       1.101403532       0.000000000
 d1gb: 4       -0.367134511       0.561985178      -0.456216280      -0.000000000

 d2gb: 1       -0.095549714      -0.706211403      -2.076096746      -2.824845613
 d2gb: 2       -0.230677416      -0.706211403       0.859947429       2.824845613
 d2gb: 3       -0.230677416       0.706211403       0.859947429      -2.824845613
 d2gb: 4       -0.095549714       0.706211403      -2.076096746       2.824845613
 -------------------------------------------------
 Initialization of a real psi
  The basis is linked to psi.
 Writing psi (real):
   1.0000000000000000        1.0000000000000000        1.0000000000000000        1.0000000000000000        1.0000000000000000        1.0000000000000000        1.0000000000000000        1.0000000000000000        1.0000000000000000        1.0000000000000000        1.0000000000000000        1.0000000000000000        1.0000000000000000        1.0000000000000000        1.0000000000000000        1.0000000000000000     
 END Writing psi
 Initialization of a complex psi
  The basis is linked to psi.
 Writing psi (complex):
               (1.0000000000000000,0.0000000000000000)               (1.0000000000000000,0.0000000000000000)               (1.0000000000000000,0.0000000000000000)               (1.0000000000000000,0.0000000000000000)               (1.0000000000000000,0.0000000000000000)               (1.0000000000000000,0.0000000000000000)               (1.0000000000000000,0.0000000000000000)               (1.0000000000000000,0.0000000000000000)               (1.0000000000000000,0.0000000000000000)               (1.0000000000000000,0.0000000000000000)               (1.0000000000000000,0.0000000000000000)               (1.0000000000000000,0.0000000000000000)               (1.0000000000000000,0.0000000000000000)               (1.0000000000000000,0.0000000000000000)               (1.0000000000000000,0.0000000000000000)               (1.0000000000000000,0.0000000000000000)
 END Writting psi
  | H | Psi > calculation
 BEGINNING BasisTOGrid_Basis
 intent(in) :: B(:)   1.0000000000000000        1.0000000000000000        1.0000000000000000        1.0000000000000000        1.0000000000000000        1.0000000000000000        1.0000000000000000        1.0000000000000000        1.0000000000000000        1.0000000000000000        1.0000000000000000        1.0000000000000000        1.0000000000000000        1.0000000000000000        1.0000000000000000        1.0000000000000000     
 intent(OUTIN) :: G(:)   2.9610499644926778       0.58898945836669092       0.58898945836669003      -0.11715728752538121       0.58898945836669059       0.11715728752538106       0.11715728752538088       -2.3304033417452824E-002  0.58898945836669003       0.11715728752538088       0.11715728752538075       -2.3304033417452769E-002 -0.11715728752538121       -2.3304033417452824E-002  -2.3304033417452769E-002   4.6354604565602420E-003
 END BasisTOGrid_Basis
 BEGINNING GridTOBasis_Basis
 intent(in) :: G(:)   2.9610499644926778       0.58898945836669092       0.58898945836669003      -0.11715728752538121       0.58898945836669059       0.11715728752538106       0.11715728752538088       -2.3304033417452824E-002  0.58898945836669003       0.11715728752538088       0.11715728752538075       -2.3304033417452769E-002 -0.11715728752538121       -2.3304033417452824E-002  -2.3304033417452769E-002   4.6354604565602420E-003
 intent(OUTIN) :: B(:)  0.99999999999999922        1.0000000000000000       0.99999999999999900       0.99999999999999978        1.0000000000000000        1.0000000000000002        1.0000000000000000       0.99999999999999989       0.99999999999999911        1.0000000000000004       0.99999999999999944       0.99999999999999989       0.99999999999999956        1.0000000000000000       0.99999999999999967       0.99999999999999989     
 END GridTOBasis_Basis
 Writing Op (real):

 Op%Rmat: 1        1.243054830      -0.000000000       0.552427173      -0.000000000      -0.000000000
 Op%Rmat: 2       -0.000000000       2.387658267       0.000000000       0.781250000      -0.000000000
 Op%Rmat: 3        0.552427173      -0.000000000       3.927045880      -0.000000000       0.000000000
 Op%Rmat: 4       -0.000000000       0.781250000      -0.000000000       4.756363324       0.000000000
 Op%Rmat: 5       -0.000000000      -0.000000000       0.000000000       0.000000000       2.387658267
 Op%Rmat: 6        0.000000000      -0.000000000       0.000000000       0.000000000      -0.000000000
 Op%Rmat: 7       -0.000000000       0.000000000      -0.000000000       0.000000000       0.552427173
 Op%Rmat: 8        0.000000000      -0.000000000       0.000000000      -0.000000000      -0.000000000
 Op%Rmat: 9        0.552427173       0.000000000      -0.000000000      -0.000000000      -0.000000000
 Op%Rmat: 10        0.000000000       0.552427173      -0.000000000      -0.000000000       0.000000000
 Op%Rmat: 11       -0.000000000       0.000000000       0.552427173      -0.000000000       0.000000000
 Op%Rmat: 12       -0.000000000      -0.000000000      -0.000000000       0.552427173       0.000000000
 Op%Rmat: 13        0.000000000      -0.000000000       0.000000000       0.000000000       0.781250000
 Op%Rmat: 14        0.000000000      -0.000000000      -0.000000000      -0.000000000      -0.000000000
 Op%Rmat: 15       -0.000000000       0.000000000      -0.000000000       0.000000000      -0.000000000
 Op%Rmat: 16       -0.000000000       0.000000000       0.000000000      -0.000000000       0.000000000

 Op%Rmat: 1       -0.000000000       0.000000000       0.000000000       0.552427173      -0.000000000
 Op%Rmat: 2       -0.000000000       0.000000000      -0.000000000      -0.000000000       0.552427173
 Op%Rmat: 3       -0.000000000      -0.000000000       0.000000000      -0.000000000       0.000000000
 Op%Rmat: 4        0.000000000      -0.000000000      -0.000000000       0.000000000       0.000000000
 Op%Rmat: 5       -0.000000000       0.552427173      -0.000000000      -0.000000000       0.000000000
 Op%Rmat: 6        3.532261704       0.000000000       0.781250000       0.000000000      -0.000000000
 Op%Rmat: 7        0.000000000       5.071649317      -0.000000000      -0.000000000       0.000000000
 Op%Rmat: 8        0.781250000      -0.000000000       5.900966760       0.000000000       0.000000000
 Op%Rmat: 9       -0.000000000       0.000000000       0.000000000       3.927045880       0.000000000
 Op%Rmat: 10        0.000000000       0.000000000       0.000000000      -0.000000000       5.071649317
 Op%Rmat: 11        0.000000000       0.000000000      -0.000000000       0.552427173       0.000000000
 Op%Rmat: 12        0.000000000       0.000000000       0.000000000      -0.000000000       0.781250000
 Op%Rmat: 13       -0.000000000       0.000000000       0.000000000      -0.000000000       0.000000000
 Op%Rmat: 14        0.781250000       0.000000000       0.000000000       0.000000000      -0.000000000
 Op%Rmat: 15        0.000000000       0.781250000      -0.000000000      -0.000000000       0.000000000
 Op%Rmat: 16        0.000000000      -0.000000000       0.781250000       0.000000000      -0.000000000

 Op%Rmat: 1        0.000000000       0.000000000      -0.000000000       0.000000000       0.000000000
 Op%Rmat: 2       -0.000000000      -0.000000000       0.000000000      -0.000000000       0.000000000
 Op%Rmat: 3        0.552427173      -0.000000000       0.000000000       0.000000000      -0.000000000
 Op%Rmat: 4        0.000000000       0.552427173       0.000000000       0.000000000       0.000000000
 Op%Rmat: 5        0.000000000       0.000000000       0.781250000      -0.000000000       0.000000000
 Op%Rmat: 6       -0.000000000       0.000000000      -0.000000000       0.781250000       0.000000000
 Op%Rmat: 7        0.000000000       0.000000000       0.000000000       0.000000000       0.781250000
 Op%Rmat: 8        0.000000000      -0.000000000      -0.000000000       0.000000000      -0.000000000
 Op%Rmat: 9        0.552427173      -0.000000000      -0.000000000      -0.000000000      -0.000000000
 Op%Rmat: 10        0.000000000       0.781250000      -0.000000000      -0.000000000      -0.000000000
 Op%Rmat: 11        6.611036930      -0.000000000      -0.000000000       0.000000000      -0.000000000
 Op%Rmat: 12       -0.000000000       7.440354373       0.000000000      -0.000000000      -0.000000000
 Op%Rmat: 13        0.000000000       0.000000000       4.756363324      -0.000000000       0.552427173
 Op%Rmat: 14        0.000000000      -0.000000000      -0.000000000       5.900966760       0.000000000
 Op%Rmat: 15       -0.000000000       0.000000000       0.552427173       0.000000000       7.440354373
 Op%Rmat: 16        0.000000000      -0.000000000      -0.000000000       0.781250000      -0.000000000

 Op%Rmat: 1       -0.000000000
 Op%Rmat: 2        0.000000000
 Op%Rmat: 3        0.000000000
 Op%Rmat: 4       -0.000000000
 Op%Rmat: 5        0.000000000
 Op%Rmat: 6       -0.000000000
 Op%Rmat: 7       -0.000000000
 Op%Rmat: 8        0.781250000
 Op%Rmat: 9        0.000000000
 Op%Rmat: 10       -0.000000000
 Op%Rmat: 11        0.000000000
 Op%Rmat: 12       -0.000000000
 Op%Rmat: 13       -0.000000000
 Op%Rmat: 14        0.781250000
 Op%Rmat: 15       -0.000000000
 Op%Rmat: 16        8.269671817
 END Writing Op


 eigenvalues = 
   1.0245450481267060     
   2.0439386245056919     
   2.0439386245056936     
   3.0633322008846835     
   3.9270458802178676     
   3.9270458802178698     
   4.8815731840567516     
   4.8815731840567560     
   4.9464394565968615     
   4.9464394565968641     
   5.9009667604357432     
   5.9009667604357459     
   6.8295467123090354     
   7.7840740161479136     
   7.7840740161479172     
   8.7386013199868042     


  0.96235836009124276        1.6688137253473311E-016  -4.1170645824069721E-017   2.6977597459355185E-017  0.25214435063780316        9.4195117436699671E-002   4.0264677247919574E-017  -8.3305509384720189E-018  -4.1974716904270539E-016  -8.2158768164812430E-017   1.1254912439608515E-016  -1.4823448975797341E-016   3.7641639908757234E-002   9.9032812184357378E-017  -1.0805274239066412E-016  -9.2179049677266160E-019
   3.3238691700880750E-016 -0.38195866998158889       0.85845751949808502       -2.8771398833677392E-016  -1.2457230957472780E-016   6.4610203670322304E-017  0.23311116672206122      -0.15866885543110043       -3.6386881209806636E-003  0.18579071675463490       -7.3876221293980937E-018  -3.5881151385858466E-016   1.0224272212168524E-017   4.0455096801252470E-002   3.8387427214055567E-002  -5.3914835505043588E-017
 -0.19032799808156559       -9.8448084733768050E-017   1.7352508952115488E-018  -1.5768795989896911E-017  0.36507235114740466       0.89121977352403481       -3.3430900595235991E-016  -3.9155105365567968E-016  -7.7928854302602335E-016   1.9268722186478069E-016   5.4453965042173931E-017  -6.1101333335573591E-017  0.19032799808156600       -3.6633668122049015E-017  -3.2298871635530079E-016   4.6162175398681081E-018
  -1.0417344089204340E-017  0.11463148121064205      -0.25763587725662190        6.7758950919727069E-017  -3.2194526811229372E-016   2.0256688911630418E-016  0.77673977740373568      -0.52869372660899128        1.0920244564457116E-003  -5.5758559055097405E-002   9.4950576197064711E-017  -7.9831313224225476E-016   3.9773369009731352E-016  0.13479870280824982       0.12790910915434042       -1.7242084989496201E-016
   1.4091233245855841E-016  0.85845751949808480       0.38195866998158828       -2.4081234494534065E-016  -3.0312151052035702E-016   4.7344258676696972E-016  0.15866885543109904       0.23311116672206195       0.18579071675463582        3.6386881209833234E-003  -2.1867592757321643E-016   4.7309215430599458E-017   2.4781955630102701E-016  -3.8387427214055719E-002   4.0455096801252061E-002  -7.1905957109832768E-017
   4.4088078158055386E-017   4.6037480486726219E-017   2.9548816377448780E-016  0.91737316884035325       -1.3826578291670389E-016   4.7925734970359452E-017   2.1547019556077222E-016  -3.0958826260940241E-017   4.1919140409421724E-016   2.5604738206805445E-016  0.31493269092561543       0.22894688478045927        3.0341265351201945E-017   7.7820524903894892E-017   2.1577633669963585E-016   8.2626831159648056E-002
   9.5103867144318384E-017 -0.16977927131910220       -7.5540912847268549E-002  -1.0336973586409542E-016   6.1471046512514134E-016   3.2814297713753291E-016  -3.1380332799546246E-002  -4.6102973208914731E-002  0.93941643530315500        1.8398354253111319E-002  -6.7953339691209411E-017  -9.3481537591738855E-016   1.1510824973637952E-015 -0.19409893381008891       0.20455372308545611       -4.2299911758797345E-016
   1.3350070635319481E-016   2.9561488165587334E-017  -3.7623913777101162E-017 -0.27531734041313716       -3.6011602918514489E-016   9.7665574381498378E-017   2.0600637467059957E-016  -9.6734521182260169E-016   6.1246696853517289E-016   2.7665350259378504E-016   6.1641641486684273E-002  0.91902178003053958        5.6131783192924958E-016   1.9067936779825893E-016   1.1014650967728770E-015  0.27531734041313705     
 -0.19032799808156592        2.2472013676397962E-016   9.8990150058048347E-017   1.1365352371742985E-016  0.85998176219649403      -0.43356876615127560        1.0214476203541048E-015   4.9056557581643949E-016  -4.1758502965867601E-016   7.5058259424518979E-017  -3.3514202034386899E-016   4.6099843741656147E-016  0.19032799808156642       -2.1724496854002546E-017  -3.3087753427880617E-016  -9.9403687241168783E-019
   1.4499198466141679E-016   7.5540912847268674E-002 -0.16977927131910198       -2.3718323335450787E-017  -1.5579183227897802E-016  -1.7041686840335930E-016  -4.6102973208917444E-002   3.1380332799538821E-002  -1.8398354253111267E-002  0.93941643530315477       -4.0621572669880969E-017  -6.7787142875695918E-016   3.0915638637937397E-016  0.20455372308545641       0.19409893381008908       -2.4732636682489721E-016
   3.7641639908757046E-002   4.6272155486030890E-018  -3.6932802875486788E-017  -5.2566220726337509E-017 -0.25214435063780305       -9.4195117436699893E-002  -2.1316159254911466E-016  -3.7942260128732775E-017  -6.5497741187172467E-016  -1.2184367449724894E-016   5.3169939719423362E-016  -6.8869025459674339E-016  0.96235836009124331       -1.6315107590313323E-016  -1.6758691319043015E-015  -9.1146256563255734E-018
  -1.4694174082341857E-016  -2.2670952153288820E-002   5.0953285995864891E-002   4.0158470915407507E-017  -1.1509972483670878E-017  -1.4766939519037084E-017 -0.15361775092758387       0.10456106867948434        5.5216199176049037E-003 -0.28193285272883550       -2.3564974643361826E-018  -3.6909252022063457E-016   1.2473443761131861E-015  0.68158473731952074       0.64674877982875922       -7.5638586767842525E-016
   2.4563112469203603E-017 -0.25763587725662207      -0.11463148121064175        4.0811220710378077E-017  -4.1399620429622047E-016   7.1121428742468064E-016  0.52869372660899216       0.77673977740373501       -5.5758559055095379E-002  -1.0920244564374575E-003  -6.6910725241948150E-016   7.2001231279048828E-016   2.2470718136598368E-016 -0.12790910915434017       0.13479870280824843       -2.4825743109770097E-016
  -3.9561817399509636E-017  -8.2243928869313389E-017  -1.2373045983453074E-016 -0.27531734041313699        5.2326534603158667E-016  -1.3361331634594201E-016   1.8915943157723252E-016   7.5521181311190369E-016  -8.7689603652558359E-017   1.2563621376105352E-016  0.89321615995655157      -0.22486799622922177       -6.3723124763919123E-016  -3.0457929068535771E-016   3.8373458887933107E-016  0.27531734041313716     
  -5.3863888946577751E-017   5.0953285995865190E-002   2.2670952153288900E-002   6.0804204239496393E-017  -4.6783601143276091E-017  -2.6522783638964304E-016 -0.10456106867948090      -0.15361775092758417      -0.28193285272883567       -5.5216199176068431E-003   8.6880015737743055E-017  -5.5771259987438659E-017   7.9738983165777685E-016 -0.64674877982875911       0.68158473731952074       -1.4248388221654791E-015
   2.5368221639093790E-018   1.2761777235041054E-017   1.8777540246211491E-017   8.2626831159648154E-002  -1.2849408005748828E-017   1.7747804702411555E-018  -1.4258993603738402E-016   2.5759453488936601E-018  -2.2233290640955942E-016  -1.1995860582457240E-016 -0.31493269092561549      -0.22894688478045891        2.0068315151493505E-017  -4.8220525474396707E-016   1.3584179867748130E-015  0.91737316884035269     
 Writing psi (complex):
               (2.3479091760435722,0.0000000000000000)               (3.7213354401089354,0.0000000000000000)               (5.0319002258218495,0.0000000000000000)               (6.0900404963703796,0.0000000000000000)               (3.7213354401089362,0.0000000000000000)               (5.0947617041743003,0.0000000000000000)               (6.4053264898872140,0.0000000000000000)               (7.4634667604357441,0.0000000000000000)               (5.0319002258218495,0.0000000000000000)               (6.4053264898872140,0.0000000000000000)               (7.7158912756001286,0.0000000000000000)               (8.7740315461486542,0.0000000000000000)               (6.0900404963703787,0.0000000000000000)               (7.4634667604357467,0.0000000000000000)               (8.7740315461486542,0.0000000000000000)               (9.8321718166971852,0.0000000000000000)
 END Writting psi
 deallocation
