&BASIS_ND
 NAME="Dp                  ",
 NB_BASIS=2          ,
 NB=0          ,
 NQ=0          ,
 A=  0.0000000000000000     ,
 B=  0.0000000000000000     ,
 SCALEQ=  1.0000000000000000     ,
 Q0=  0.0000000000000000     ,
 /
&BASIS_ND
 NAME="herm                ",
 NB_BASIS=0          ,
 NB=4          ,
 NQ=4          ,
 A=  0.0000000000000000     ,
 B=  0.0000000000000000     ,
 SCALEQ=  1.0000000000000000     ,
 Q0=  0.0000000000000000     ,
 /
 S: 1        1.000000000       0.000000000       0.000000000       0.000000000
 S: 2        0.000000000       1.000000000       0.000000000       0.000000000
 S: 3        0.000000000       0.000000000       1.000000000       0.000000000
 S: 4        0.000000000       0.000000000       0.000000000       1.000000000
 Sii,Sij   3.1120661603267763E-012   5.5511151231257827E-017

 <d0b|d1b>: 1        0.000000000       0.707106781       0.000000000       0.000000000
 <d0b|d1b>: 2       -0.707106781       0.000000000       1.000000000       0.000000000
 <d0b|d1b>: 3        0.000000000      -1.000000000       0.000000000       1.224744871
 <d0b|d1b>: 4        0.000000000       0.000000000      -1.224744871       0.000000000

 <d0b|d1b>: 1       -0.500000000       0.000000000       0.707106781       0.000000000
 <d0b|d1b>: 2        0.000000000      -1.500000000       0.000000000       1.224744871
 <d0b|d1b>: 3        0.707106781       0.000000000      -2.500000000       0.000000000
 <d0b|d1b>: 4        0.000000000       1.224744871       0.000000000      -5.500000000
&BASIS_ND
 NAME="herm                ",
 NB_BASIS=0          ,
 NB=4          ,
 NQ=4          ,
 A=  0.0000000000000000     ,
 B=  0.0000000000000000     ,
 SCALEQ=  1.0000000000000000     ,
 Q0=  0.0000000000000000     ,
 /
 S: 1        1.000000000       0.000000000       0.000000000       0.000000000
 S: 2        0.000000000       1.000000000       0.000000000       0.000000000
 S: 3        0.000000000       0.000000000       1.000000000       0.000000000
 S: 4        0.000000000       0.000000000       0.000000000       1.000000000
 Sii,Sij   3.1120661603267763E-012   5.5511151231257827E-017

 <d0b|d1b>: 1        0.000000000       0.707106781       0.000000000       0.000000000
 <d0b|d1b>: 2       -0.707106781       0.000000000       1.000000000       0.000000000
 <d0b|d1b>: 3        0.000000000      -1.000000000       0.000000000       1.224744871
 <d0b|d1b>: 4        0.000000000       0.000000000      -1.224744871       0.000000000

 <d0b|d1b>: 1       -0.500000000       0.000000000       0.707106781       0.000000000
 <d0b|d1b>: 2        0.000000000      -1.500000000       0.000000000       1.224744871
 <d0b|d1b>: 3        0.707106781       0.000000000      -2.500000000       0.000000000
 <d0b|d1b>: 4        0.000000000       1.224744871       0.000000000      -5.500000000


 eigenvalues = 
  0.99999999999222067     
   1.9999999999844391     
   1.9999999999844398     
   2.9999999999766587     
   2.9999999999766613     
   2.9999999999766618     
   3.9999999999657661     
   3.9999999999657665     
   3.9999999999688782     
   3.9999999999688813     
   4.9999999999579865     
   4.9999999999579883     
   4.9999999999611004     
   5.9999999999502061     
   5.9999999999502078     
   6.9999999999393152     


  0.99999999999999978        2.8058178352642567E-016   2.5387289231220554E-016  -2.7975958171670159E-013   7.1179876855838213E-013   1.4271864505455364E-013   8.4319491188133103E-017   1.8622909113172114E-016  -2.4522060723044096E-017  -4.0922607782522306E-017   4.1494623951407643E-018  -2.0731891351814200E-016  -8.6516247581302741E-018   3.5797279220442868E-016   1.7776671076349829E-016  -2.5298050691620148E-018
  -3.8169195162193203E-016  0.98670892447665914       0.16249768723927915        1.0628725563572343E-016   4.2140561100372377E-016   2.3599892613471201E-016  -1.2513979019094004E-013   5.4625217497127129E-013  -6.2351079556829406E-014   9.4489072073112790E-013   4.7078227697751976E-017  -1.5804500862252793E-016  -3.2945176618904298E-018  -1.1147634225226423E-016  -1.4883320187290849E-016  -1.1136496389090969E-017
  -5.5016827797334694E-013  -1.8576323299273499E-016  -5.1859362241183326E-017 -0.59505810264049530       0.39909872242150746       0.69758588305915092        6.6143491820932497E-017   2.5652823169437316E-016  -4.9257373955831358E-016   7.9140966360043583E-017  -1.3377694806022851E-016   5.4994645060468666E-013   1.8677076968239615E-016  -2.9949353033734837E-017  -6.6934811715044468E-017  -6.9388939039722971E-018
   2.7995226420128130E-017  -9.4039856735500846E-013  -1.5485339380251838E-013  -1.7337484637307656E-016  -5.2663046331828804E-016  -3.5950600933958767E-017 -0.13164976077647672       -1.7641407370117873E-005  -2.1542029351025196E-004  0.99129626942220184       -1.6044631567633349E-016  -8.8306394593633436E-017   3.5653767318336849E-017   4.4019380498747176E-013  -3.3031476126420843E-013  -1.8503717077256773E-017
  -9.0950317260156970E-017 -0.16249768723927976       0.98670892447665937       -1.0159379438983760E-016   5.1144662095688574E-017  -5.7421182856753680E-017   9.4482274844125930E-013   6.2642683358256348E-014   5.4650075520283042E-013   1.2554292055685042E-013  -1.4313681160400964E-016   1.7619662580776640E-016   1.3054765352996249E-016  -4.6892874827247965E-016  -1.7242635727112797E-017  -1.6704744583645831E-017
  -1.2206143291786014E-017  -4.3293221834567133E-016  -9.0493307099768524E-017  0.79903778625198352       0.20060567646993488       0.56682976166532495       -1.1943679162109024E-016  -4.2363404957837022E-016   1.9835031963757960E-016   2.3344397570127252E-016   9.5378544777031418E-013  -7.8724815851097725E-017   9.5252259453618059E-013   1.3359671160770362E-016   3.9150150187946725E-016   2.0816682620498387E-017
  -6.1711059865912322E-017   8.9468099980077776E-014  -5.4289365008012707E-013  -2.2806528079856783E-016   5.3004466382441441E-016   1.2356814780551246E-016  -6.0977264724775110E-006  0.11352304355368674       0.99353533978675534        2.1711734743146111E-004  -1.2519876810570478E-016  -3.5464540960545082E-016   6.9789403619137965E-017   5.7194956343852390E-013   7.6218182052960652E-013  -3.7007434154425095E-017
  -7.3300923024624383E-019  -4.7598884809134182E-017   8.7280595292144580E-017  -7.6181207074751440E-013  -1.9171015523104529E-013  -5.4010155600547531E-013  -2.9367919665887999E-016   3.4098704928528111E-016   6.9916612748432875E-017   1.4378848556652676E-016  0.99999987784950561        1.6752378166361135E-004  -4.6501264242755359E-004  -6.8638481187617554E-016  -3.3688065067031202E-017   9.5323748895205968E-013
  -5.5015280526078098E-013  -2.8562880907299100E-016  -1.0209238500659043E-016   8.6281345744160950E-002  0.89469412221695122      -0.43826699287878867        5.9256894434668963E-016  -8.6846279416925640E-017  -5.6711683356941427E-016   6.3391668325585512E-016   4.6648923791133846E-016   5.4969190751693267E-013  -4.2795996839457691E-016  -8.1257918387206166E-017   2.4578256362055291E-016  -6.8879530640916654E-030
  -1.1682470806435241E-016  -5.4268131440566400E-013  -8.9662575931708763E-014   4.4969648557729229E-016  -2.0426390837102089E-016   5.1711473238758364E-017   1.9242676899829464E-004  0.99353534433280921      -0.11352304694951550        1.8566731586719602E-005  -4.3666045771803420E-016   6.3238979368287846E-017   3.8141753334923292E-016   7.6276167359445296E-013  -5.7223538054994989E-013  -3.7007434154490675E-017
   3.1762564667155084E-017   4.6620158962977951E-017  -3.9941310012969841E-017   2.7976613882074291E-013  -7.1126810622729441E-013  -1.4284099997333370E-013   1.3377027983271803E-016   1.2661532404804280E-016   1.8265065432553660E-016   1.3359666291942887E-018  -1.6740117134871979E-004  0.99999995122028218        2.6369732777531358E-004   3.0415541014355524E-017   2.4571664297065196E-020   4.9077840538524693E-029
  -3.0148569782961466E-016  -3.0461200028902929E-016   1.1292692430212097E-016  -1.9407571781699757E-017   6.3562832204150474E-017  -9.8307467568455909E-017   7.2260358455183078E-014  -9.4742214443633195E-013   1.0843833279635107E-013  -5.4559696916672554E-013   5.8993672121272058E-016  -9.7920581627784997E-017  -4.1968456141600835E-016  0.80000000000002336      -0.59999999999996878        1.0793834961725452E-016
  -8.5723706040211811E-017   1.5458556758486130E-013  -9.4042921476372476E-013   4.4848231138943917E-017  -1.3288697334401192E-016   9.1837193635097791E-017  0.99129627429051359       -1.9450597746452797E-004  -4.6086144454765382E-007  0.13164975786137850        3.0916201261873792E-016  -7.6846370841149953E-017  -1.7057046143693883E-016   3.2994398018370727E-013   4.4035031168485977E-013  -2.3129646346449744E-017
   1.1391656032898469E-017  -2.8193901387003700E-017  -9.0747564942019083E-017  -7.6137193047943241E-013  -1.9069144978675078E-013  -5.4044648392402114E-013   1.1707943366980640E-016  -3.3002731630383650E-016  -6.1400837267340421E-017  -6.1824985041104289E-017   4.6505679531783084E-004  -2.6361945190349779E-004  0.99999985711347072        3.8414564007168136E-016  -9.5856484577668188E-017   9.5323748895205907E-013
  -4.3643794196544815E-016   1.6706705146559535E-016   3.8189669031082920E-018  -2.3616792788952012E-016  -1.0886965318636669E-016  -5.5697186313583162E-017  -5.4540407702847558E-013  -1.0799311148917500E-013  -9.4695183086062206E-013  -7.2475369506641466E-014   4.5090300989934523E-016   2.6927358158938028E-017  -3.1983100674405296E-016  0.59999999999996889       0.80000000000002380        2.1587669923427426E-016
   2.5298050691528093E-018   8.2739980137658372E-018   1.8292375468910014E-017  -2.0762359587132661E-017  -1.4066406423216037E-018  -6.9590397869573938E-018   2.0499217882239858E-017   4.0964565108870806E-017   3.2563000246679968E-017   2.1396400113080029E-017  -9.5368068208541750E-013   9.1601995398681967E-017  -9.5279408526366446E-013  -2.1587669923408466E-016  -1.0793834961705633E-016   1.0000000000000000     
           1   6.5562927563264789E-002   6.5562927562912876E-002
           2  0.22313016014877707       0.22313016014842982     
           3  0.22313016014877707       0.22313016014842982     
           4   6.5562927563264789E-002   6.5562927562912876E-002
           5  0.22313016014877701       0.22313016014842982     
           6  0.75937835936287224       0.75937835936458531     
           7  0.75937835936287224       0.75937835936458531     
           8  0.22313016014877701       0.22313016014842982     
           9  0.22313016014877698       0.22313016014842982     
          10  0.75937835936287224       0.75937835936458531     
          11  0.75937835936287224       0.75937835936458531     
          12  0.22313016014877698       0.22313016014842982     
          13   6.5562927563264803E-002   6.5562927562912876E-002
          14  0.22313016014877704       0.22313016014842982     
          15  0.22313016014877704       0.22313016014842982     
          16   6.5562927563264775E-002   6.5562927562912876E-002
 OpPsi_grid is correct 
   1.7130741269966165E-012
 deallocation
