 + gfortran -c ./src/Basis_m.f90  -Wall -Wextra -Wimplicit-interface -fPIC -fmax-errors=1 -g -fcheck=bounds -fcheck=array-temps -fbacktrace -fcoarray=single -J build/gfortran_2A42023B310FA28D -Ibuild/gfortran_2A42023B310FA28D -o build/gfortran_2A42023B310FA28D/TI_Schrod/src_Basis_m.f90.o
 + gfortran -c ./src/psi_m.f90  -Wall -Wextra -Wimplicit-interface -fPIC -fmax-errors=1 -g -fcheck=bounds -fcheck=array-temps -fbacktrace -fcoarray=single -J build/gfortran_2A42023B310FA28D -Ibuild/gfortran_2A42023B310FA28D -o build/gfortran_2A42023B310FA28D/TI_Schrod/src_psi_m.f90.o
 + gfortran -c ./src/Op_m.f90  -Wall -Wextra -Wimplicit-interface -fPIC -fmax-errors=1 -g -fcheck=bounds -fcheck=array-temps -fbacktrace -fcoarray=single -J build/gfortran_2A42023B310FA28D -Ibuild/gfortran_2A42023B310FA28D -o build/gfortran_2A42023B310FA28D/TI_Schrod/src_Op_m.f90.o
 + ar -rs build/gfortran_2A42023B310FA28D/TI_Schrod/libTI_Schrod.a build/gfortran_2A42023B310FA28D/TI_Schrod/src_Op_m.f90.o build/gfortran_2A42023B310FA28D/TI_Schrod/src_Basis_m.f90.o build/gfortran_2A42023B310FA28D/TI_Schrod/src_diago_m.f90.o build/gfortran_2A42023B310FA28D/TI_Schrod/src_UtilLib_m.f90.o build/gfortran_2A42023B310FA28D/TI_Schrod/src_Molec_m.f90.o build/gfortran_2A42023B310FA28D/TI_Schrod/src_NumParameters_m.f90.o build/gfortran_2A42023B310FA28D/TI_Schrod/src_psi_m.f90.o
 + gfortran -c app/TI_Schrod.f90  -Wall -Wextra -Wimplicit-interface -fPIC -fmax-errors=1 -g -fcheck=bounds -fcheck=array-temps -fbacktrace -fcoarray=single -J build/gfortran_2A42023B310FA28D -Ibuild/gfortran_2A42023B310FA28D -o build/gfortran_2A42023B310FA28D/TI_Schrod/app_TI_Schrod.f90.o
 + gfortran  -Wall -Wextra -Wimplicit-interface -fPIC -fmax-errors=1 -g -fcheck=bounds -fcheck=array-temps -fbacktrace -fcoarray=single  build/gfortran_2A42023B310FA28D/TI_Schrod/app_TI_Schrod.f90.o build/gfortran_2A42023B310FA28D/TI_Schrod/libTI_Schrod.a -o build/gfortran_2A42023B310FA28D/app/TI_Schrod
&BASIS_ND
 NAME="Dp                  ",
 NB_BASIS=2          ,
 NB=0          ,
 NQ=0          ,
 A=  0.0000000000000000     ,
 B=  0.0000000000000000     ,
 SCALEQ=  1.0000000000000000     ,
 Q0=  0.0000000000000000     ,
 /
&BASIS_ND
 NAME="herm                ",
 NB_BASIS=0          ,
 NB=4          ,
 NQ=6          ,
 A=  0.0000000000000000     ,
 B=  0.0000000000000000     ,
 SCALEQ=  1.0000000000000000     ,
 Q0=  0.0000000000000000     ,
 /
 S: 1        1.000000000       0.000000000      -0.000000000       0.000000000
 S: 2        0.000000000       1.000000000      -0.000000000      -0.000000000
 S: 3       -0.000000000       0.000000000       1.000000000       0.000000000
 S: 4        0.000000000      -0.000000000       0.000000000       1.000000000
 Sii,Sij   9.9911190432067087E-012   2.7755575615628914E-017

 <d0b|d1b>: 1        0.000000000       0.707106781       0.000000000      -0.000000000
 <d0b|d1b>: 2       -0.707106781       0.000000000       1.000000000       0.000000000
 <d0b|d1b>: 3        0.000000000      -1.000000000       0.000000000       1.224744871
 <d0b|d1b>: 4        0.000000000       0.000000000      -1.224744871       0.000000000

 <d0b|d1b>: 1       -0.500000000      -0.000000000       0.707106781      -0.000000000
 <d0b|d1b>: 2       -0.000000000      -1.500000000       0.000000000       1.224744871
 <d0b|d1b>: 3        0.707106781       0.000000000      -2.500000000       0.000000000
 <d0b|d1b>: 4        0.000000000       1.224744871       0.000000000      -3.500000000
&BASIS_ND
 NAME="herm                ",
 NB_BASIS=0          ,
 NB=3          ,
 NQ=5          ,
 A=  0.0000000000000000     ,
 B=  0.0000000000000000     ,
 SCALEQ=  1.0000000000000000     ,
 Q0=  0.0000000000000000     ,
 /
 S: 1        1.000000000       0.000000000       0.000000000
 S: 2        0.000000000       1.000000000       0.000000000
 S: 3        0.000000000       0.000000000       1.000000000
 Sii,Sij   3.1121771826292388E-012   1.1102230246251565E-016

 <d0b|d1b>: 1        0.000000000       0.707106781       0.000000000
 <d0b|d1b>: 2       -0.707106781       0.000000000       1.000000000
 <d0b|d1b>: 3        0.000000000      -1.000000000       0.000000000

 <d0b|d1b>: 1       -0.500000000       0.000000000       0.707106781
 <d0b|d1b>: 2        0.000000000      -1.500000000       0.000000000
 <d0b|d1b>: 3        0.707106781       0.000000000      -2.500000000


 eigenvalues = 
  -3.5748897833980622     
  -3.0439188610964196     
  -2.0273868671894459     
  -2.0185869897364852     
  0.20240403382293165     
  0.39309849669065905     
   1.3992907875839711     
   1.7602789674257555     
   1.8540343752171828     
   2.2373717625838054     
   2.6593616792804493     
   2.7602943807692362     


  -6.6037414894076699E-018  -4.6860862503723101E-002  0.25851453859978379        3.2984394793602398E-015   2.5006678329823212E-017  0.87998890324675860       0.29489267489722237        9.0274460789800755E-017  -5.7317284828175367E-017  0.21949850605526103      -0.14646685356074857        1.7718385773193831E-017
 -0.17093647782900531        8.1601460072584786E-017  -8.8338738891308333E-015  0.69317202369002839      -0.29669841095968341        6.8640656610720796E-018  -1.0012883932604461E-016  0.57066017763760701        7.8517427439413701E-002   1.1510582227099057E-016   1.5145630498928244E-016  0.26541532416534175     
  -6.3736629231997234E-017  0.66895470628124654      -0.22795956910226128       -2.9846229772542109E-015  -3.0635033131137453E-017 -0.17004944740438016       0.24650195711224807        3.9090771022508897E-017  -2.0331945212514392E-016  0.58049476245638909      -0.27180845670596721        5.2775080158546432E-017
  0.11929571408643391       -1.7832542286897422E-016   4.3361747690994075E-015 -0.34231737182789623       0.38614429438364406        3.2069760868965579E-018  -3.8911596937740300E-016  0.64459388930894590       0.53298433786776722        4.9664376822950941E-016   8.6726116248339512E-017 -0.14108985404213475     
  -1.2892609961638265E-016  0.22251574139029617       0.73395244367618995        9.2535485831486012E-015   2.8196490167977938E-017 -0.14123298136324236      -0.14788699588638218       -1.4218631184674921E-016  -2.2797336825471621E-016  0.30077722620363623       0.52869300815830078        1.0571307624868960E-016
  0.75435950270673557        3.0818870269374091E-017   1.8839948372369961E-015 -0.13966804770192873      -0.55875747353986549        2.6151725714488998E-017  -1.2390463905658771E-016  -2.5059743644695608E-002  0.23245541275628806        1.2121648745835790E-016   6.6532557698450474E-018  0.21109512836465558     
   1.0067952523674245E-016 -0.62509556729306837      -0.27267127412068903       -3.3258841408539241E-015   1.0917070506306935E-017  -9.1161516381248225E-002   1.3336264606632129E-002  -1.2340992934840763E-016  -3.8870294191636560E-016  0.68832369703325369       0.22940819100425416        1.1068226399096812E-016
 -0.18844705980352003       -3.8713746733376204E-017  -3.8157443782286578E-015  0.29943236522249311       -9.0159049976630601E-002   6.7196502946758186E-017  -2.8630585267798494E-016 -0.44804232475162042       0.77052602945189419        4.9331172349041162E-016  -3.0589572402539370E-017 -0.26878806369376862     
   2.8907239123630103E-017 -0.24368785527087850       0.31327442596187283        3.9299356127299913E-015  -1.5055114838145038E-017 -0.37300022003807659       0.81919602000235747        1.0611308611615046E-016   4.9142281399626748E-016 -0.11707232017433872      -0.13622830742756539       -6.0815089260855874E-017
 -0.53619957847138655       -1.7606463899319329E-016   6.0448980253953917E-015 -0.48295444063772758      -0.29054146712537821        4.6204620482835528E-017  -6.1078037413806291E-017  -2.8993433590762150E-002  0.21180450530950468        5.2941739526182491E-017  -3.0206990035892236E-017  0.59087131300753970     
  -7.8959801518423267E-018  0.22508257659610800      -0.41234450271182288       -5.3405430123581151E-015   3.3046964597328046E-017  0.17122025101576263       0.39892926282504376       -8.2476298978004455E-017   3.5004438009633014E-016 -0.19205170332211555       0.74428828887148013        6.7126812949032262E-017
  0.25390689538211564        7.5843962063138043E-017  -3.0734631948114408E-015  0.24478452952547117       0.59842269692939243       -1.6069902729574203E-017  -9.8629516727148155E-018 -0.23798139593763173       0.13097969202877427       -4.2538176348279933E-017  -1.4317023361004925E-016  0.66611656175611278     
           1   8.2031152678116569E-003   8.2031152676251724E-003
           2   5.3246894820806502E-002   5.3246894820990480E-002
           3  0.11816761815389397       0.11816761815313256     
           4  0.11816761815389402       0.11816761815313256     
           5   5.3246894820806502E-002   5.3246894820990480E-002
           6   8.2031152678116535E-003   8.2031152676251724E-003
           7   3.9871142751065208E-002   3.9871142750354992E-002
           8  0.25880588960902029       0.25880588961118778     
           9  0.57435228180380671       0.57435228180293207     
          10  0.57435228180380671       0.57435228180293207     
          11  0.25880588960902029       0.25880588961118778     
          12   3.9871142751065222E-002   3.9871142750354992E-002
          13   6.3122886627507743E-002   6.3122886626473584E-002
          14  0.40973430158043328       0.40973430158445084     
          15  0.90929859208972552       0.90929859208964103     
          16  0.90929859208972552       0.90929859208964103     
          17  0.40973430158043334       0.40973430158445084     
          18   6.3122886627507702E-002   6.3122886626473584E-002
          19   3.9871142751065208E-002   3.9871142750354992E-002
          20  0.25880588960902035       0.25880588961118778     
          21  0.57435228180380671       0.57435228180293207     
          22  0.57435228180380660       0.57435228180293207     
          23  0.25880588960902029       0.25880588961118778     
          24   3.9871142751065215E-002   3.9871142750354992E-002
          25   8.2031152678116604E-003   8.2031152676251724E-003
          26   5.3246894820806488E-002   5.3246894820990480E-002
          27  0.11816761815389396       0.11816761815313256     
          28  0.11816761815389401       0.11816761815313256     
          29   5.3246894820806488E-002   5.3246894820990480E-002
          30   8.2031152678116535E-003   8.2031152676251724E-003
 OpPsi_grid is correct 
   4.0175640592110540E-012
 deallocation
