&BASIS_ND
 NAME="Dp                  ",
 NB_BASIS=2          ,
 NB=0          ,
 NQ=0          ,
 A=  0.0000000000000000     ,
 B=  0.0000000000000000     ,
 SCALEQ=  1.0000000000000000     ,
 Q0=  0.0000000000000000     ,
 /
&BASIS_ND
 NAME="herm                ",
 NB_BASIS=0          ,
 NB=4          ,
 NQ=6          ,
 A=  0.0000000000000000     ,
 B=  0.0000000000000000     ,
 SCALEQ=  1.0000000000000000     ,
 Q0=  0.0000000000000000     ,
 /
 S: 1        1.000000000       0.000000000      -0.000000000       0.000000000
 S: 2        0.000000000       1.000000000      -0.000000000      -0.000000000
 S: 3       -0.000000000       0.000000000       1.000000000       0.000000000
 S: 4        0.000000000      -0.000000000       0.000000000       1.000000000
 Sii,Sij   9.9911190432067087E-012   2.7755575615628914E-017

 <d0b|d1b>: 1        0.000000000       0.707106781       0.000000000      -0.000000000
 <d0b|d1b>: 2       -0.707106781       0.000000000       1.000000000       0.000000000
 <d0b|d1b>: 3        0.000000000      -1.000000000       0.000000000       1.224744871
 <d0b|d1b>: 4        0.000000000       0.000000000      -1.224744871       0.000000000

 <d0b|d1b>: 1       -0.500000000      -0.000000000       0.707106781      -0.000000000
 <d0b|d1b>: 2       -0.000000000      -1.500000000       0.000000000       1.224744871
 <d0b|d1b>: 3        0.707106781       0.000000000      -2.500000000       0.000000000
 <d0b|d1b>: 4        0.000000000       1.224744871       0.000000000      -3.500000000
 -------------------------------------------------
 Write_Basis
 nb,nq           4           6
  x:      -2.3506049737      -1.3358490740      -0.4360774119       0.4360774119       1.3358490740
  x:       2.3506049737

  w:       1.1369083327       0.9355805576       0.8764013344       0.8764013344       0.9355805576
  w:       1.1369083327

 d0gb: 1        0.047413213      -0.157613724       0.336961400      -0.518025782
 d0gb: 2        0.307761900      -0.581416358       0.559063977      -0.135055669
 d0gb: 3        0.682997400      -0.421208998      -0.299272364       0.450473342
 d0gb: 4        0.682997400       0.421208998      -0.299272364      -0.450473342
 d0gb: 5        0.307761900       0.581416358       0.559063977       0.135055669
 d0gb: 6        0.047413213       0.157613724       0.336961400       0.518025782

 d1gb: 1        0.111449733      -0.303435196       0.476835695      -0.392290485
 d1gb: 2        0.411123450      -0.341443450      -0.416007620       1.189007487
 d1gb: 3        0.297839739       0.782224457      -0.972923913      -0.536623336
 d1gb: 4       -0.297839739       0.782224457       0.972923913      -0.536623336
 d1gb: 5       -0.411123450      -0.341443450       0.416007620       1.189007487
 d1gb: 6       -0.111449733      -0.303435196      -0.476835695      -0.392290485

 d2gb: 1        0.214561085      -0.398028833       0.177020563       0.763909960
 d2gb: 2        0.241436979       0.706715800      -1.797674272       0.704383820
 d2gb: 3       -0.553116218       1.183528412       1.439451135      -3.067649803
 d2gb: 4       -0.553116218      -1.183528412       1.439451135       3.067649803
 d2gb: 5        0.241436979      -0.706715800      -1.797674272      -0.704383820
 d2gb: 6        0.214561085       0.398028833       0.177020563      -0.763909960
 -------------------------------------------------
&BASIS_ND
 NAME="herm                ",
 NB_BASIS=0          ,
 NB=4          ,
 NQ=6          ,
 A=  0.0000000000000000     ,
 B=  0.0000000000000000     ,
 SCALEQ=  1.0000000000000000     ,
 Q0=  0.0000000000000000     ,
 /
 S: 1        1.000000000       0.000000000      -0.000000000       0.000000000
 S: 2        0.000000000       1.000000000      -0.000000000      -0.000000000
 S: 3       -0.000000000       0.000000000       1.000000000       0.000000000
 S: 4        0.000000000      -0.000000000       0.000000000       1.000000000
 Sii,Sij   9.9911190432067087E-012   2.7755575615628914E-017

 <d0b|d1b>: 1        0.000000000       0.707106781       0.000000000      -0.000000000
 <d0b|d1b>: 2       -0.707106781       0.000000000       1.000000000       0.000000000
 <d0b|d1b>: 3        0.000000000      -1.000000000       0.000000000       1.224744871
 <d0b|d1b>: 4        0.000000000       0.000000000      -1.224744871       0.000000000

 <d0b|d1b>: 1       -0.500000000      -0.000000000       0.707106781      -0.000000000
 <d0b|d1b>: 2       -0.000000000      -1.500000000       0.000000000       1.224744871
 <d0b|d1b>: 3        0.707106781       0.000000000      -2.500000000       0.000000000
 <d0b|d1b>: 4        0.000000000       1.224744871       0.000000000      -3.500000000
 -------------------------------------------------
 Write_Basis
 nb,nq           4           6
  x:      -2.3506049737      -1.3358490740      -0.4360774119       0.4360774119       1.3358490740
  x:       2.3506049737

  w:       1.1369083327       0.9355805576       0.8764013344       0.8764013344       0.9355805576
  w:       1.1369083327

 d0gb: 1        0.047413213      -0.157613724       0.336961400      -0.518025782
 d0gb: 2        0.307761900      -0.581416358       0.559063977      -0.135055669
 d0gb: 3        0.682997400      -0.421208998      -0.299272364       0.450473342
 d0gb: 4        0.682997400       0.421208998      -0.299272364      -0.450473342
 d0gb: 5        0.307761900       0.581416358       0.559063977       0.135055669
 d0gb: 6        0.047413213       0.157613724       0.336961400       0.518025782

 d1gb: 1        0.111449733      -0.303435196       0.476835695      -0.392290485
 d1gb: 2        0.411123450      -0.341443450      -0.416007620       1.189007487
 d1gb: 3        0.297839739       0.782224457      -0.972923913      -0.536623336
 d1gb: 4       -0.297839739       0.782224457       0.972923913      -0.536623336
 d1gb: 5       -0.411123450      -0.341443450       0.416007620       1.189007487
 d1gb: 6       -0.111449733      -0.303435196      -0.476835695      -0.392290485

 d2gb: 1        0.214561085      -0.398028833       0.177020563       0.763909960
 d2gb: 2        0.241436979       0.706715800      -1.797674272       0.704383820
 d2gb: 3       -0.553116218       1.183528412       1.439451135      -3.067649803
 d2gb: 4       -0.553116218      -1.183528412       1.439451135       3.067649803
 d2gb: 5        0.241436979      -0.706715800      -1.797674272      -0.704383820
 d2gb: 6        0.214561085       0.398028833       0.177020563      -0.763909960
 -------------------------------------------------
 Initialization of a real psi
  The basis is linked to psi.
 Writing psi (real):
   1.0000000000000000        1.0000000000000000        1.0000000000000000        1.0000000000000000        1.0000000000000000        1.0000000000000000        1.0000000000000000        1.0000000000000000        1.0000000000000000        1.0000000000000000        1.0000000000000000        1.0000000000000000        1.0000000000000000        1.0000000000000000        1.0000000000000000        1.0000000000000000     
 END Writing psi
 Initialization of a complex psi
  The basis is linked to psi.
 Writing psi (complex):
               (1.0000000000000000,0.0000000000000000)               (1.0000000000000000,0.0000000000000000)               (1.0000000000000000,0.0000000000000000)               (1.0000000000000000,0.0000000000000000)               (1.0000000000000000,0.0000000000000000)               (1.0000000000000000,0.0000000000000000)               (1.0000000000000000,0.0000000000000000)               (1.0000000000000000,0.0000000000000000)               (1.0000000000000000,0.0000000000000000)               (1.0000000000000000,0.0000000000000000)               (1.0000000000000000,0.0000000000000000)               (1.0000000000000000,0.0000000000000000)               (1.0000000000000000,0.0000000000000000)               (1.0000000000000000,0.0000000000000000)               (1.0000000000000000,0.0000000000000000)               (1.0000000000000000,0.0000000000000000)
 END Writting psi
  | H | Psi > calculation
 Writing Op (real):

 Op%Rmat: 1        1.000000000       0.000000000      -0.000000000      -0.000000000      -0.000000000
 Op%Rmat: 2        0.000000000       2.000000000      -0.000000000      -0.000000000      -0.000000000
 Op%Rmat: 3       -0.000000000      -0.000000000       3.000000000      -0.000000000      -0.000000000
 Op%Rmat: 4       -0.000000000      -0.000000000      -0.000000000       4.000000000       0.000000000
 Op%Rmat: 5        0.000000000      -0.000000000      -0.000000000      -0.000000000       2.000000000
 Op%Rmat: 6       -0.000000000      -0.000000000      -0.000000000      -0.000000000      -0.000000000
 Op%Rmat: 7        0.000000000      -0.000000000       0.000000000       0.000000000      -0.000000000
 Op%Rmat: 8        0.000000000       0.000000000       0.000000000      -0.000000000       0.000000000
 Op%Rmat: 9       -0.000000000       0.000000000      -0.000000000       0.000000000      -0.000000000
 Op%Rmat: 10       -0.000000000      -0.000000000       0.000000000      -0.000000000      -0.000000000
 Op%Rmat: 11        0.000000000       0.000000000      -0.000000000       0.000000000      -0.000000000
 Op%Rmat: 12        0.000000000      -0.000000000       0.000000000      -0.000000000      -0.000000000
 Op%Rmat: 13       -0.000000000      -0.000000000       0.000000000      -0.000000000      -0.000000000
 Op%Rmat: 14        0.000000000      -0.000000000      -0.000000000       0.000000000       0.000000000
 Op%Rmat: 15       -0.000000000      -0.000000000       0.000000000      -0.000000000      -0.000000000
 Op%Rmat: 16        0.000000000      -0.000000000      -0.000000000       0.000000000       0.000000000

 Op%Rmat: 1        0.000000000      -0.000000000      -0.000000000      -0.000000000       0.000000000
 Op%Rmat: 2        0.000000000       0.000000000      -0.000000000       0.000000000      -0.000000000
 Op%Rmat: 3        0.000000000       0.000000000      -0.000000000      -0.000000000       0.000000000
 Op%Rmat: 4       -0.000000000       0.000000000       0.000000000      -0.000000000       0.000000000
 Op%Rmat: 5       -0.000000000      -0.000000000      -0.000000000      -0.000000000      -0.000000000
 Op%Rmat: 6        3.000000000      -0.000000000      -0.000000000       0.000000000      -0.000000000
 Op%Rmat: 7        0.000000000       4.000000000       0.000000000      -0.000000000       0.000000000
 Op%Rmat: 8       -0.000000000       0.000000000       5.000000000      -0.000000000      -0.000000000
 Op%Rmat: 9       -0.000000000      -0.000000000      -0.000000000       3.000000000       0.000000000
 Op%Rmat: 10        0.000000000      -0.000000000       0.000000000       0.000000000       4.000000000
 Op%Rmat: 11        0.000000000       0.000000000      -0.000000000      -0.000000000       0.000000000
 Op%Rmat: 12        0.000000000      -0.000000000      -0.000000000       0.000000000      -0.000000000
 Op%Rmat: 13        0.000000000       0.000000000      -0.000000000       0.000000000      -0.000000000
 Op%Rmat: 14       -0.000000000       0.000000000       0.000000000       0.000000000       0.000000000
 Op%Rmat: 15        0.000000000      -0.000000000      -0.000000000       0.000000000      -0.000000000
 Op%Rmat: 16        0.000000000      -0.000000000      -0.000000000       0.000000000      -0.000000000

 Op%Rmat: 1       -0.000000000       0.000000000       0.000000000       0.000000000      -0.000000000
 Op%Rmat: 2        0.000000000       0.000000000      -0.000000000       0.000000000       0.000000000
 Op%Rmat: 3       -0.000000000      -0.000000000      -0.000000000      -0.000000000       0.000000000
 Op%Rmat: 4       -0.000000000      -0.000000000       0.000000000       0.000000000       0.000000000
 Op%Rmat: 5        0.000000000      -0.000000000      -0.000000000       0.000000000      -0.000000000
 Op%Rmat: 6       -0.000000000      -0.000000000      -0.000000000      -0.000000000       0.000000000
 Op%Rmat: 7        0.000000000      -0.000000000      -0.000000000      -0.000000000      -0.000000000
 Op%Rmat: 8        0.000000000       0.000000000       0.000000000      -0.000000000       0.000000000
 Op%Rmat: 9       -0.000000000       0.000000000      -0.000000000       0.000000000       0.000000000
 Op%Rmat: 10       -0.000000000      -0.000000000      -0.000000000       0.000000000       0.000000000
 Op%Rmat: 11        5.000000000      -0.000000000       0.000000000       0.000000000       0.000000000
 Op%Rmat: 12        0.000000000       6.000000000      -0.000000000       0.000000000       0.000000000
 Op%Rmat: 13        0.000000000      -0.000000000       4.000000000      -0.000000000      -0.000000000
 Op%Rmat: 14        0.000000000       0.000000000       0.000000000       5.000000000      -0.000000000
 Op%Rmat: 15       -0.000000000       0.000000000      -0.000000000      -0.000000000       6.000000000
 Op%Rmat: 16        0.000000000      -0.000000000      -0.000000000      -0.000000000       0.000000000

 Op%Rmat: 1        0.000000000
 Op%Rmat: 2       -0.000000000
 Op%Rmat: 3        0.000000000
 Op%Rmat: 4       -0.000000000
 Op%Rmat: 5       -0.000000000
 Op%Rmat: 6       -0.000000000
 Op%Rmat: 7        0.000000000
 Op%Rmat: 8       -0.000000000
 Op%Rmat: 9       -0.000000000
 Op%Rmat: 10        0.000000000
 Op%Rmat: 11        0.000000000
 Op%Rmat: 12        0.000000000
 Op%Rmat: 13        0.000000000
 Op%Rmat: 14       -0.000000000
 Op%Rmat: 15        0.000000000
 Op%Rmat: 16        7.000000000
 END Writing Op


 eigenvalues = 
  0.99999999998992095     
   1.9999999999699360     
   1.9999999999699378     
   2.9999999999400528     
   2.9999999999564633     
   2.9999999999564650     
   3.9999999999221449     
   3.9999999999221463     
   3.9999999999659046     
   3.9999999999659059     
   4.9999999999052758     
   4.9999999999326246     
   4.9999999999326254     
   5.9999999999222542     
   5.9999999999222604     
   6.9999999999512292     


  0.99999999999999933        7.3795342648906986E-017   4.9208171285386347E-016   9.8893426097442007E-017  -1.9164775808114718E-012  -1.5674783844290974E-012  -1.5926873800635308E-017  -3.8081426726580232E-016  -1.0959500349649355E-016   4.3485574368006132E-016  -1.1298663561366735E-016  -1.7432867324809337E-016   1.7490783105283158E-016   4.6230111388316176E-018  -1.8674658151664278E-017   8.9446679228961594E-019
   1.0200088024073638E-016  0.92307692292676446      -0.38461538497576614       -1.6119840807995381E-017  -1.7869901141853472E-017   2.8245751393956858E-017  -3.1486089012197489E-012  -1.5280306450559658E-012  -4.6714612718116346E-013   1.5312758136566379E-012   7.9923887183849444E-018  -1.4792678826005073E-018   1.0169954281007172E-016  -1.3186446456017882E-017   1.3675348819443497E-017  -3.4734625156323451E-019
   1.7507637313145785E-012   7.9591186345752921E-017   1.5111589170336160E-016  -4.3954613244246317E-005  0.99502112012119603       -9.9664279362029040E-002   1.1710533679598506E-015  -3.2561598189581497E-016  -2.4052581524581345E-016  -6.2465913445725821E-016  -5.2522826656812537E-012   1.9262656994795358E-016  -1.6814567366959064E-016   4.7045108388726849E-016  -2.4197190073330648E-016  -6.0715321659940532E-018
   2.9597018451191674E-016   1.4749066713980280E-012  -6.1455356670569792E-013  -6.7235107019986203E-016   3.5329255288440748E-016  -8.1550516648229232E-019  -6.4292951199581266E-006  0.95626962017209827       0.29248660357215950       -1.5013277664345219E-005  -6.3552547954069789E-016   4.5171976715695793E-016  -4.7433347251138427E-016  -4.5803131196967505E-012  -5.2969152618098306E-012   1.6190752443547802E-017
  -3.9120296804629435E-016  0.38461538497576619       0.92307692292676413        3.5387232632044621E-019  -1.7934342360664908E-016   9.4420195782024467E-017  -1.5303388405672383E-012   4.6732387286462385E-013  -1.5282397771545268E-012  -3.1491494275930741E-012   7.6144581326117896E-017  -2.0895890208463064E-016   1.9760932331814462E-016   1.7956604617101592E-017  -5.1318677774378320E-017   1.7367312577979304E-018
  -2.0511938459604033E-016   5.2745685294689531E-017   1.0470457997234190E-016  0.99999999902203895        4.4223149788876059E-005   4.8517720743421200E-007  -4.2955076408117387E-016   5.2880968238048143E-016   5.6508298214333770E-016  -4.1452831247735142E-016  -1.3343837838680023E-016  -2.3971844779352721E-012  -2.3963404181020598E-012   9.8229832212801408E-017  -3.1830286329626766E-016   1.3877797381558266E-017
  -2.6747651745286699E-016   1.3467627462320954E-012   3.2319922147157563E-012   6.3251683762995275E-016   8.7941907207316045E-017   8.3272801997583343E-016  0.43736865029451188        1.5189157786290271E-005   6.1138421330515903E-006  0.89928230465825831        4.1789509944590700E-016   1.4770972131851273E-017   2.5600617741818282E-018  -2.4170688055753347E-012   2.0902765074777881E-012  -1.3877787807707061E-017
   8.9177789147272009E-017   4.8953775314675491E-017   1.2396100612822272E-016   2.3969408454144388E-012   7.9569757369436493E-017  -4.5460303706841122E-016   6.0730608456726221E-017  -2.3799343179780199E-016  -4.9575120907919254E-016  -1.3022923696398431E-017   3.0056386942161734E-005  0.99999999613614987       -8.2609412011824812E-005  -6.2552067224905983E-017  -1.9125411393529600E-015  -3.9944159091104198E-012
   1.7506416505277722E-012  -3.6196246144791722E-017   6.6750294322626986E-018  -4.8902299231665881E-006   9.9664279243235787E-002  0.99502112109191587        1.7347434638559527E-015   8.5915333792129450E-017  -1.6324605518131308E-016  -1.6352565680873238E-015  -5.2519105714663700E-012   7.2053775196521973E-016  -7.1911134678459883E-016   6.0354734062101872E-016  -5.4070150462562320E-016   8.6736173796816520E-019
   5.2673994100197145E-017   3.2314892204863799E-012  -1.3471877846327264E-012   1.9145941257846675E-016  -1.3067174185407447E-015  -2.1337275073591664E-015  0.89928230477677584       -1.7496441786792822E-006   3.0379029588037429E-006 -0.43736865034325495        2.9929577870637301E-016  -3.0837105690364278E-017   2.3902550478865912E-016  -2.0897781796652831E-012  -2.4177456719216867E-012  -4.6259292690521127E-018
   2.1551528778833382E-016  -1.4592146640078652E-016  -9.1641533026598542E-017  -3.1630929522989871E-016   5.7493757630145361E-012   4.7022040632188638E-012  -3.9069199844090105E-016   6.8915115635351340E-016   7.1013333704122942E-016  -1.7877794246196622E-016  0.99999999914846649       -3.0054050746393589E-005   2.8281116433531879E-005  -1.3291964488901226E-015   1.1912312055936685E-015   1.3877787807619833E-017
  -3.2196467712460136E-016   1.9822184066953378E-017   3.1417121534358855E-017   1.4080865404959469E-016  -8.3334137176618968E-017   2.5517634940436565E-017   2.8737399661575719E-012   6.6963576711857719E-012   2.0483721840827187E-012  -1.3979669446921997E-012  -2.9235981451092617E-017   1.3736468323441790E-015  -1.3171390001476869E-015  0.65407692017278840       0.75642804185016765       -2.1510571101559466E-016
  -2.9989442221044711E-017   6.1431353051427016E-013   1.4751618853742416E-012  -4.5638513610643224E-016   1.9966183744322759E-016  -5.2132874322669799E-017  -3.6866721356554265E-006 -0.29248660362850859       0.95626962028719453        2.3193883919941805E-007  -5.0385267598099469E-016   4.1412782930208665E-016  -3.7947935493133008E-016  -5.2976838958873383E-012   4.5807056333651294E-012  -4.6259292693421500E-018
  -8.9642078668239839E-017  -1.9762567293617370E-016  -9.7441514239461479E-017   2.3966142003022923E-012   1.4993748081056357E-016   4.5834548228180193E-016  -2.1979368040268679E-016   2.9647478710510465E-016   4.6964169545996208E-016   1.2498821661419720E-016  -2.8278633576712480E-005   8.2610261969096044E-005  0.99999999618793223        1.0157532055691075E-015   1.0149219676834602E-015  -3.9945130536250745E-012
  -9.6903023914245085E-017  -2.4552565562515255E-017  -1.5178675983909677E-016  -1.2778257697977521E-016  -2.9996530253659958E-016  -4.6010380997857456E-016   1.3970441454557539E-012  -2.0482072600011979E-012   6.6972852433609799E-012   2.8738854105864915E-012   1.7103062360109233E-015  -1.0432254434585159E-015  -1.8200679461919984E-016  0.75642804185016788      -0.65407692017278818       -4.4426319902442763E-027
  -8.9446679228264734E-019  -3.4734625183829996E-019  -1.7367312576978753E-018  -1.3878040850670994E-017   5.9542440350006401E-018  -1.4681648600609686E-018   1.0229812698020817E-017  -1.6835544330363252E-017  -3.1184366555681901E-019   1.0457056711485809E-017  -6.7794485844729026E-018   3.9947458818634780E-012   3.9941830616556606E-012   1.4069568097958197E-016   1.6271199176816380E-016   1.0000000000000000     
 Writing psi (complex):
              (0.99999999996891331,0.0000000000000000)               (1.9999999999495413,0.0000000000000000)               (2.9999999999354552,0.0000000000000000)               (3.9999999999417035,0.0000000000000000)               (1.9999999999495408,0.0000000000000000)               (2.9999999999240741,0.0000000000000000)               (3.9999999999055547,0.0000000000000000)               (4.9999999999166471,0.0000000000000000)               (2.9999999999354556,0.0000000000000000)               (3.9999999999055551,0.0000000000000000)               (4.9999999998842659,0.0000000000000000)               (5.9999999999018643,0.0000000000000000)               (3.9999999999417017,0.0000000000000000)               (4.9999999999166480,0.0000000000000000)               (5.9999999999018634,0.0000000000000000)               (6.9999999999352509,0.0000000000000000)
 END Writting psi
 deallocation
