&BASIS_ND
 NAME="Dp                  ",
 NB_BASIS=3          ,
 NB=0          ,
 NQ=0          ,
 A=  0.0000000000000000     ,
 B=  0.0000000000000000     ,
 SCALEQ=  1.0000000000000000     ,
 Q0=  0.0000000000000000     ,
 /
&BASIS_ND
 NAME="herm                ",
 NB_BASIS=0          ,
 NB=2          ,
 NQ=4          ,
 A=  0.0000000000000000     ,
 B=  0.0000000000000000     ,
 SCALEQ=  1.0000000000000000     ,
 Q0=  0.0000000000000000     ,
 /
 S: 1        1.000000000       0.000000000
 S: 2        0.000000000       1.000000000
 Sii,Sij   3.1120661603267763E-012   0.0000000000000000     


&BASIS_ND
 NAME="herm                ",
 NB_BASIS=0          ,
 NB=2          ,
 NQ=4          ,
 A=  0.0000000000000000     ,
 B=  0.0000000000000000     ,
 SCALEQ=  1.0000000000000000     ,
 Q0=  0.0000000000000000     ,
 /
 S: 1        1.000000000       0.000000000
 S: 2        0.000000000       1.000000000
 Sii,Sij   3.1120661603267763E-012   0.0000000000000000     


&BASIS_ND
 NAME="herm                ",
 NB_BASIS=0          ,
 NB=2          ,
 NQ=4          ,
 A=  0.0000000000000000     ,
 B=  0.0000000000000000     ,
 SCALEQ=  1.0000000000000000     ,
 Q0=  0.0000000000000000     ,
 /
 S: 1        1.000000000       0.000000000
 S: 2        0.000000000       1.000000000
 Sii,Sij   3.1120661603267763E-012   0.0000000000000000     




 eigenvalues = 
   1.4999999999813269     
   1.9999999999766578     
   1.9999999999766587     
   1.9999999999766604     
   2.4999999999719922     
   2.4999999999719926     
   2.4999999999719944     
   2.9999999999673208     


   1.0000000000000002       -2.8404717846902620E-016  -4.3590596476209051E-017  -5.9437947755009035E-017  -5.4836142147221120E-018   1.7813820150990960E-016   3.5876375400411623E-018   0.0000000000000000     
   2.9598719309130681E-017  -4.6227123138953032E-003  0.97680441268651330      -0.21408355818936500       -1.5536673683412635E-016   2.7543311739301308E-015  -9.6343629769902113E-016   0.0000000000000000     
   9.9781702469711568E-017   9.9286962970335846E-002  0.21347632944576625       0.97188988869649706       -4.3901530309994650E-017   2.2361349574624842E-016   5.4850247998592865E-017   0.0000000000000000     
   6.1542105647593076E-017   5.3823956940506075E-016  -3.1578946179084358E-016   2.9005281415528645E-019  0.95418693648206931       0.25880566148477685       0.15015631798359680        0.0000000000000000     
   2.4744227890442477E-017  0.99504810412109734       -1.6762938958277587E-002  -9.7970783208520568E-002  -2.8915076657425480E-016  -1.4318796174228853E-015   4.4984886798126719E-016   0.0000000000000000     
   3.0560417256482402E-016   8.9468580353840040E-016  -2.2391643148116822E-015   3.0955746159379052E-016 -0.11933934526701220       0.78937831086857180      -0.60219598388026607        0.0000000000000000     
   4.6787720191224828E-017   3.4288894545332412E-016  -6.9610161990036590E-016  -6.7549368291540344E-017 -0.27438187060774394       0.55668798434464883       0.78410017036606239        0.0000000000000000     
   0.0000000000000000        0.0000000000000000        0.0000000000000000        0.0000000000000000       -0.0000000000000000       -0.0000000000000000        0.0000000000000000        1.0000000000000000     
 deallocation
